url,posttime,text,crawled_time,attachment_link,attachment_img,attachment_img_alt,attachment_title,attachment_brief
"","","","","","","","",""
"""https://www.facebook.com/KinokuniyaTaiwan/posts/2965764826771000""","","","","","","","",""
"","","","","","","","",""
"""https://www.facebook.com/KinokuniyaTaiwan/posts/2996215127059303:0""","","","","","","","",""
"","","","","","","","",""
"""https://www.facebook.com/KinokuniyaTaiwan/posts/2980396721974477""","","","","","","","",""
"","","","","","","","",""
"""https://www.facebook.com/KinokuniyaTaiwan/posts/2991832767497539:0""","","","","","","","",""
"","","","","","","","",""
"""https://www.facebook.com/KinokuniyaTaiwan/posts/2993849560629193""","","","","","","","",""
"","","","","","","","",""
"""https://www.facebook.com/KinokuniyaTaiwan/posts/2951082164905933""","","","","","","","",""
"","","","","","","","",""
"""https://www.facebook.com/KinokuniyaTaiwan/posts/2978347185512764:0""","","","","","","","",""
"","","","","","","","",""
"""https://www.facebook.com/KinokuniyaTaiwan/posts/2878398625507621:0""","","","","","","","",""
"","","","","","","","",""
"""https://www.facebook.com/KinokuniyaTaiwan/posts/2951477224866427""","","","","","","","",""
"","","","","","","","",""
"""https://www.facebook.com/KinokuniyaTaiwan/posts/2941078742572942""","","","","","","","",""
"","","","","","","","",""
"""https://www.facebook.com/KinokuniyaTaiwan/posts/2934519356562214:0""","","","","","","","",""
"","","","","","","","",""
"""https://www.facebook.com/KinokuniyaTaiwan/posts/2853762291304588""","","","","","","","",""
"","","","","","","","",""
"""https://www.facebook.com/KinokuniyaTaiwan/posts/2759129084101243:0""","","","","","","","",""
"","","","","","","","",""
"""https://www.facebook.com/KinokuniyaTaiwan/posts/2970126229668193:0""","","","","","","","",""
"","","","","","","","",""
"""https://www.facebook.com/KinokuniyaTaiwan/posts/2840430162637801""","","","","","","","",""
"","","","","","","","",""
"""https://www.facebook.com/KinokuniyaTaiwan/posts/2996292997051516:0""","","","","","","","",""
"","","","","","","","",""
"""https://www.facebook.com/KinokuniyaTaiwan/posts/2823467651000719""","","","","","","","",""
"","","","","","","","",""
"""https://www.facebook.com/KinokuniyaTaiwan/posts/2855598061121011:0""","","","","","","","",""
"","","","","","","","",""
"""https://www.facebook.com/KinokuniyaTaiwan/posts/2797612370252914:0""","","","","","","","",""
"","","","","","","","",""
"""https://www.facebook.com/KinokuniyaTaiwan/posts/2882543325093151""","","","","","","","",""
"","","","","","","","",""
"""https://www.facebook.com/KinokuniyaTaiwan/posts/2890678024279681:0""","","","","","","","",""
"","","","","","","","",""
"""https://www.facebook.com/KinokuniyaTaiwan/posts/2870741909606626:0""","","","","","","","",""
"","","","","","","","",""
"""https://www.facebook.com/KinokuniyaTaiwan/posts/2993935350620614:0""","","","","","","","",""
"","","","","","","","",""
"""https://www.facebook.com/KinokuniyaTaiwan/posts/2757359117611573:0""","","","","","","","",""
"","","","","","","","",""
"""https://www.facebook.com/KinokuniyaTaiwan/posts/2934614156552734:0""","","","","","","","",""
"","","","","","","","",""
"""https://www.facebook.com/KinokuniyaTaiwan/posts/2949181301762686""","","","","","","","",""
"","","","","","","","",""
"""https://www.facebook.com/KinokuniyaTaiwan/posts/2813950381952446:0""","","","","","","","",""
"","","","","","","","",""
"""https://www.facebook.com/KinokuniyaTaiwan/posts/2919144121433071""","","","","","","","",""
"","","","","","","","",""
"""https://www.facebook.com/KinokuniyaTaiwan/posts/2947323245281825:0""","","","","","","","",""
"","","","","","","","",""
"""https://www.facebook.com/KinokuniyaTaiwan/posts/2884064134941070""","","","","","","","",""
"","","","","","","","",""
"""https://www.facebook.com/KinokuniyaTaiwan/posts/2799315043415980""","","","","","","","",""
"","","","","","","","",""
"""https://www.facebook.com/KinokuniyaTaiwan/posts/2892382854109198""","","","","","","","",""
"","","","","","","","",""
"""https://www.facebook.com/KinokuniyaTaiwan/posts/2894615293885954""","","","","","","","",""
"","","","","","","","",""
"""https://www.facebook.com/KinokuniyaTaiwan/posts/2799049243442560:0""","","","","","","","",""
"","","","","","","","",""
"""https://www.facebook.com/KinokuniyaTaiwan/posts/2971839649496851:0""","","","","","","","",""
"","","","","","","","",""
"""https://www.facebook.com/KinokuniyaTaiwan/posts/2998459573501525:0""","","","","","","","",""
"","","","","","","","",""
"""https://www.facebook.com/KinokuniyaTaiwan/posts/2866865703327580:0""","","","","","","","",""
"","","","","","","","",""
"""https://www.facebook.com/KinokuniyaTaiwan/posts/2870646556282828:0""","","","","","","","",""
"","","","","","","","",""
"""https://www.facebook.com/KinokuniyaTaiwan/posts/2898650446815772:0""","","","","","","","",""
"","","","","","","","",""
"""https://www.facebook.com/KinokuniyaTaiwan/posts/2763021570378661:0""","","","","","","","",""
"","","","","","","","",""
"""https://www.facebook.com/KinokuniyaTaiwan/posts/2886342904713193""","","","","","","","",""
"","","","","","","","",""
"""https://www.facebook.com/KinokuniyaTaiwan/posts/2936554713025345:0""","","","","","","","",""
"","","","","","","","",""
"""https://www.facebook.com/KinokuniyaTaiwan/posts/2949165151764301:0""","","","","","","","",""
"","","","","","","","",""
"""https://www.facebook.com/KinokuniyaTaiwan/posts/2992280500786099:0""","","","","","","","",""
"","","","","","","","",""
"""https://www.facebook.com/KinokuniyaTaiwan/posts/2788229507857867:0""","","","","","","","",""
"","","","","","","","",""
"""https://www.facebook.com/KinokuniyaTaiwan/posts/2965864816761001:0""","","","","","","","",""
"","","","","","","","",""
"""https://www.facebook.com/KinokuniyaTaiwan/posts/2968082093205940:0""","","","","","","","",""
"","","","","","","","",""
"""https://www.facebook.com/KinokuniyaTaiwan/posts/2904707052876778""","","","","","","","",""
"","","","","","","","",""
"""https://www.facebook.com/KinokuniyaTaiwan/posts/2938599282820888""","","","","","","","",""
"","","","","","","","",""
"""https://www.facebook.com/KinokuniyaTaiwan/posts/2966033813410768:0""","","","","","","","",""
"","","","","","","","",""
"""https://www.facebook.com/KinokuniyaTaiwan/posts/2868658353148315""","","","","","","","",""
"","","","","","","","",""
"""https://www.facebook.com/KinokuniyaTaiwan/posts/2938788732801943:0""","","","","","","","",""
"","","","","","","","",""
"""https://www.facebook.com/KinokuniyaTaiwan/posts/2998860706794745:0""","","","","","","","",""
"","","","","","","","",""
"""https://www.facebook.com/KinokuniyaTaiwan/posts/2978407022173447""","","","","","","","",""
"","","","","","","","",""
"""https://www.facebook.com/KinokuniyaTaiwan/posts/2976579265689556:0""","","","","","","","",""
"","","","","","","","",""
"""https://www.facebook.com/KinokuniyaTaiwan/posts/2866771263337024:0""","","","","","","","",""
"","","","","","","","",""
"""https://www.facebook.com/KinokuniyaTaiwan/posts/2762950597052425:0""","","","","","","","",""
"","","","","","","","",""
"""https://www.facebook.com/KinokuniyaTaiwan/posts/2809991699014981""","","","","","","","",""
"","","","","","","","",""
"""https://www.facebook.com/KinokuniyaTaiwan/posts/2963720316975451:0""","","","","","","","",""
"","","","","","","","",""
"""https://www.facebook.com/KinokuniyaTaiwan/posts/2936919192988897""","","","","","","","",""
"","","","","","","","",""
"""https://www.facebook.com/KinokuniyaTaiwan/posts/2864901506857333:0""","","","","","","","",""
"","","","","","","","",""
"""https://www.facebook.com/KinokuniyaTaiwan/posts/2980772181936931:0""","","","","","","","",""
"","","","","","","","",""
"""https://www.facebook.com/KinokuniyaTaiwan/posts/2813747811972703""","","","","","","","",""
"","","","","","","","",""
"""https://www.facebook.com/KinokuniyaTaiwan/posts/2951546481526168""","","","","","","","",""
"","","","","","","","",""
"""https://www.facebook.com/KinokuniyaTaiwan/posts/2851570788190405:0""","","","","","","","",""
"","","","","","","","",""
"""https://www.facebook.com/KinokuniyaTaiwan/posts/2910798382267645""","","","","","","","",""
"","","","","","","","",""
"""https://www.facebook.com/KinokuniyaTaiwan/posts/2971869362827213""","","","","","","","",""
"","","","","","","","",""
"""https://www.facebook.com/KinokuniyaTaiwan/posts/2817389611608523:0""","","","","","","","",""
"","","","","","","","",""
"""https://www.facebook.com/KinokuniyaTaiwan/posts/2797269420287209:0""","","","","","","","",""
"","","","","","","","",""
"""https://www.facebook.com/KinokuniyaTaiwan/posts/2804718789542272:0""","","","","","","","",""
"","","","","","","","",""
"""https://www.facebook.com/KinokuniyaTaiwan/posts/2933067613374055:0""","","","","","","","",""
"","","","","","","","",""
"""https://www.facebook.com/KinokuniyaTaiwan/posts/2980872218593594:0""","","","","","","","",""
"","","","","","","","",""
"""https://www.facebook.com/KinokuniyaTaiwan/posts/2786448971369254:0""","","","","","","","",""
"","","","","","","","",""
"""https://www.facebook.com/KinokuniyaTaiwan/posts/2892293684118115:0""","","","","","","","",""
"","","","","","","","",""
"""https://www.facebook.com/KinokuniyaTaiwan/posts/2870986906248793""","","","","","","","",""
"","","","","","","","",""
"""https://www.facebook.com/KinokuniyaTaiwan/posts/2823095501037934:0""","","","","","","","",""
"","","","","","","","",""
"""https://www.facebook.com/KinokuniyaTaiwan/posts/2896491997031617""","","","","","","","",""
"","","","","","","","",""
"""https://www.facebook.com/KinokuniyaTaiwan/posts/2839912269356257""","","","","","","","",""
"","","","","","","","",""
"""https://www.facebook.com/KinokuniyaTaiwan/posts/2788458977834920""","","","","","","","",""
"","","","","","","","",""
"""https://www.facebook.com/KinokuniyaTaiwan/posts/2764945846852900:0""","","","","","","","",""
"","","","","","","","",""
"""https://www.facebook.com/KinokuniyaTaiwan/posts/2878635982150552""","","","","","","","",""
"","","","","","","","",""
"""https://www.facebook.com/KinokuniyaTaiwan/posts/2862955283718622""","","","","","","","",""
"","","","","","","","",""
"""https://www.facebook.com/KinokuniyaTaiwan/posts/2849634755050675""","","","","","","","",""
"","","","","","","","",""
"""https://www.facebook.com/KinokuniyaTaiwan/posts/2804478782899606:0""","","","","","","","",""
"","","","","","","","",""
"""https://www.facebook.com/KinokuniyaTaiwan/posts/2778554768825341""","","","","","","","",""
"","","","","","","","",""
"""https://www.facebook.com/KinokuniyaTaiwan/posts/2924669454213871:0""","","","","","","","",""
"","","","","","","","",""
"""https://www.facebook.com/KinokuniyaTaiwan/posts/2809951735685644:0""","","","","","","","",""
"","","","","","","","",""
"""https://www.facebook.com/KinokuniyaTaiwan/posts/2791662547514563:0""","","","","","","","",""
"","","","","","","","",""
"""https://www.facebook.com/KinokuniyaTaiwan/posts/2849602441720573:0""","","","","","","","",""
"","","","","","","","",""
"""https://www.facebook.com/KinokuniyaTaiwan/posts/2843851878962296:0""","","","","","","","",""
"","","","","","","","",""
"""https://www.facebook.com/KinokuniyaTaiwan/posts/2922994861047997""","","","","","","","",""
"","","","","","","","",""
"""https://www.facebook.com/KinokuniyaTaiwan/posts/2963919483622201""","","","","","","","",""
"","","","","","","","",""
"""https://www.facebook.com/KinokuniyaTaiwan/posts/2800753866605431:0""","","","","","","","",""
"","","","","","","","",""
"""https://www.facebook.com/KinokuniyaTaiwan/posts/2772880246059460:0""","","","","","","","",""
"","","","","","","","",""
"""https://www.facebook.com/KinokuniyaTaiwan/posts/2947093621971454""","","","","","","","",""
"","","","","","","","",""
"""https://www.facebook.com/KinokuniyaTaiwan/posts/2839890932691724:0""","","","","","","","",""
"","","","","","","","",""
"""https://www.facebook.com/KinokuniyaTaiwan/posts/2817683624912455:0""","","","","","","","",""
"","","","","","","","",""
"""https://www.facebook.com/KinokuniyaTaiwan/posts/2898567460157404""","","","","","","","",""
"","","","","","","","",""
"""https://www.facebook.com/KinokuniyaTaiwan/posts/2802566249757526:0""","","","","","","","",""
"","","","","","","","",""
"""https://www.facebook.com/KinokuniyaTaiwan/posts/2906501012697382:0""","","","","","","","",""
"","","","","","","","",""
"""https://www.facebook.com/KinokuniyaTaiwan/posts/2924935500853933:0""","","","","","","","",""
"","","","","","","","",""
"""https://www.facebook.com/KinokuniyaTaiwan/posts/2836217226392428""","","","","","","","",""
"","","","","","","","",""
"""https://www.facebook.com/KinokuniyaTaiwan/posts/2924600034220813:0""","","","","","","","",""
"","","","","","","","",""
"""https://www.facebook.com/KinokuniyaTaiwan/posts/2791493847531433:0""","","","","","","","",""
"","","","","","","","",""
"""https://www.facebook.com/KinokuniyaTaiwan/posts/2836482216365929""","","","","","","","",""
"","","","","","","","",""
"""https://www.facebook.com/KinokuniyaTaiwan/posts/2784568154890669:0""","","","","","","","",""
"","","","","","","","",""
"""https://www.facebook.com/KinokuniyaTaiwan/posts/2813639521983532:0""","","","","","","","",""
"","","","","","","","",""
"""https://www.facebook.com/KinokuniyaTaiwan/posts/2876527205694763""","","","","","","","",""
"","","","","","","","",""
"""https://www.facebook.com/KinokuniyaTaiwan/posts/2853677694646381""","","","","","","","",""
"","","","","","","","",""
"""https://www.facebook.com/KinokuniyaTaiwan/posts/2955730047774478:0""","","","","","","","",""
"","","","","","","","",""
"""https://www.facebook.com/KinokuniyaTaiwan/posts/2896146957066121:0""","","","","","","","",""
"","","","","","","","",""
"""https://www.facebook.com/KinokuniyaTaiwan/posts/2856419551038862""","","","","","","","",""
"","","","","","","","",""
"""https://www.facebook.com/KinokuniyaTaiwan/posts/2919178448096305:0""","","","","","","","",""
"","","","","","","","",""
"""https://www.facebook.com/KinokuniyaTaiwan/posts/2762984060382412:0""","","","","","","","",""
"","","","","","","","",""
"""https://www.facebook.com/KinokuniyaTaiwan/posts/2815781325102685:0""","","","","","","","",""
"","","","","","","","",""
"""https://www.facebook.com/KinokuniyaTaiwan/posts/2836327216381429:0""","","","","","","","",""
"","","","","","","","",""
"""https://www.facebook.com/KinokuniyaTaiwan/posts/2828985183782299:0""","","","","","","","",""
"","","","","","","","",""
"""https://www.facebook.com/KinokuniyaTaiwan/posts/2940966635917486""","","","","","","","",""
"","","","","","","","",""
"""https://www.facebook.com/KinokuniyaTaiwan/posts/2761125287234956:0""","","","","","","","",""
"","","","","","","","",""
"""https://www.facebook.com/KinokuniyaTaiwan/posts/2922711697742980""","","","","","","","",""
"","","","","","","","",""
"""https://www.facebook.com/KinokuniyaTaiwan/posts/2765008446846640:0""","","","","","","","",""
"","","","","","","","",""
"""https://www.facebook.com/KinokuniyaTaiwan/posts/2924735184207298""","","","","","","","",""
"","","","","","","","",""
"""https://www.facebook.com/KinokuniyaTaiwan/posts/2967681419912674""","","","","","","","",""
"","","","","","","","",""
"""https://www.facebook.com/KinokuniyaTaiwan/posts/2791432194204265:0""","","","","","","","",""
"","","","","","","","",""
"""https://www.facebook.com/KinokuniyaTaiwan/posts/2869046743109476:0""","","","","","","","",""
"","","","","","","","",""
"""https://www.facebook.com/KinokuniyaTaiwan/posts/2788348597845958:0""","","","","","","","",""
"","","","","","","","",""
"""https://www.facebook.com/KinokuniyaTaiwan/posts/2920777601269723:0""","","","","","","","",""
"","","","","","","","",""
"""https://www.facebook.com/KinokuniyaTaiwan/posts/2876886152325535:0""","","","","","","","",""
"","","","","","","","",""
"""https://www.facebook.com/KinokuniyaTaiwan/posts/2853377738009710:0""","","","","","","","",""
"","","","","","","","",""
"""https://www.facebook.com/KinokuniyaTaiwan/posts/2829073930440091:0""","","","","","","","",""
"","","","","","","","",""
"""https://www.facebook.com/KinokuniyaTaiwan/posts/2786308251383326""","","","","","","","",""
"","","","","","","","",""
"""https://www.facebook.com/KinokuniyaTaiwan/posts/2810301352317349""","","","","","","","",""
"","","","","","","","",""
"""https://www.facebook.com/KinokuniyaTaiwan/posts/2924603987553751""","","","","","","","",""
"","","","","","","","",""
"""https://www.facebook.com/KinokuniyaTaiwan/posts/2894349497245867:0""","","","","","","","",""
"","","","","","","","",""
"""https://www.facebook.com/KinokuniyaTaiwan/posts/2810267725654045:0""","","","","","","","",""
"","","","","","","","",""
"""https://www.facebook.com/KinokuniyaTaiwan/posts/2813775688636582""","","","","","","","",""
"","","","","","","","",""
"""https://www.facebook.com/KinokuniyaTaiwan/posts/2853591784654972""","","","","","","","",""
"","","","","","","","",""
"""https://www.facebook.com/KinokuniyaTaiwan/posts/2922955211051962""","","","","","","","",""
"","","","","","","","",""
"""https://www.facebook.com/KinokuniyaTaiwan/posts/2778640008816817:0""","","","","","","","",""
"","","","","","","","",""
"""https://www.facebook.com/KinokuniyaTaiwan/posts/2890492110964939""","","","","","","","",""
"","","","","","","","",""
"""https://www.facebook.com/KinokuniyaTaiwan/posts/2784420908238727""","","","","","","","",""
"","","","","","","","",""
"""https://www.facebook.com/KinokuniyaTaiwan/posts/2776798752334276:0""","","","","","","","",""
"","","","","","","","",""
"""https://www.facebook.com/KinokuniyaTaiwan/posts/2855772054436945""","","","","","","","",""
"","","","","","","","",""
"""https://www.facebook.com/KinokuniyaTaiwan/posts/2823260284354789""","","","","","","","",""
"","","","","","","","",""
"""https://www.facebook.com/KinokuniyaTaiwan/posts/2826921567321994:0""","","","","","","","",""
"","","","","","","","",""
"""https://www.facebook.com/KinokuniyaTaiwan/posts/2775101142504037:0""","","","","","","","",""
"","","","","","","","",""
"""https://www.facebook.com/KinokuniyaTaiwan/posts/2853586334655517:0""","","","","","","","",""
"","","","","","","","",""
"""https://www.facebook.com/KinokuniyaTaiwan/posts/2815473741800110""","","","","","","","",""
"","","","","","","","",""
"""https://www.facebook.com/KinokuniyaTaiwan/posts/2855339987813485:0""","","","","","","","",""
"","","","","","","","",""
"""https://www.facebook.com/KinokuniyaTaiwan/posts/2810324175648400""","","","","","","","",""
"","","","","","","","",""
"""https://www.facebook.com/KinokuniyaTaiwan/posts/2801213139892837""","","","","","","","",""
"","","","","","","","",""
"""https://www.facebook.com/KinokuniyaTaiwan/posts/2904579849556165:0""","","","","","","","",""
"","","","","","","","",""
"""https://www.facebook.com/KinokuniyaTaiwan/posts/2951500504864099""","","","","","","","",""
"","","","","","","","",""
"""https://www.facebook.com/KinokuniyaTaiwan/posts/2898265060187644""","","","","","","","",""
"","","","","","","","",""
"""https://www.facebook.com/KinokuniyaTaiwan/posts/2830667456947405:0""","","","","","","","",""
"","","","","","","","",""
"""https://www.facebook.com/KinokuniyaTaiwan/posts/2843837452297072""","","","","","","","",""
"","","","","","","","",""
"""https://www.facebook.com/KinokuniyaTaiwan/posts/2841780785836072:0""","","","","","","","",""
"","","","","","","","",""
"""https://www.facebook.com/KinokuniyaTaiwan/posts/2880272438653573:0""","","","","","","","",""
"","","","","","","","",""
"""https://www.facebook.com/KinokuniyaTaiwan/posts/2863303153683835""","","","","","","","",""
"","","","","","","","",""
"""https://www.facebook.com/KinokuniyaTaiwan/posts/2823007034380114""","","","","","","","",""
"","","","","","","","",""
"""https://www.facebook.com/KinokuniyaTaiwan/posts/2759489734065178:0""","","","","","","","",""
"","","","","","","","",""
"""https://www.facebook.com/KinokuniyaTaiwan/posts/2980983201915829""","","","","","","","",""
"","","","","","","","",""
"""https://www.facebook.com/KinokuniyaTaiwan/posts/2863269150353902:0""","","","","","","","",""
"","","","","","","","",""
"""https://www.facebook.com/KinokuniyaTaiwan/posts/2906355296045287:0""","","","","","","","",""
"","","","","","","","",""
"""https://www.facebook.com/KinokuniyaTaiwan/posts/2963744886972994""","","","","","","","",""
"","","","","","","","",""
"""https://www.facebook.com/KinokuniyaTaiwan/posts/2912558012091682:0""","","","","","","","",""
"","","","","","","","",""
"""https://www.facebook.com/KinokuniyaTaiwan/posts/2838482449499239:0""","","","","","","","",""
"","","","","","","","",""
"""https://www.facebook.com/KinokuniyaTaiwan/posts/2955290567818426:0""","","","","","","","",""
"","","","","","","","",""
"""https://www.facebook.com/KinokuniyaTaiwan/posts/2812048575475960:0""","","","","","","","",""
"","","","","","","","",""
"""https://www.facebook.com/KinokuniyaTaiwan/posts/2786089254738559:0""","","","","","","","",""
"https://www.facebook.com/KinokuniyaTaiwan/posts/3098973586783456","[Error]: TypeError: Cannot read property 'attribs' of undefined","",1579271651,undefined,undefined,undefined,undefined,undefined
"https://www.facebook.com/KinokuniyaTaiwan/posts/3198656963481784:0","[Error]: TypeError: Cannot read property 'attribs' of undefined","",1579271651,undefined,undefined,undefined,undefined,undefined
"https://www.facebook.com/KinokuniyaTaiwan/posts/3215648768449270","[Error]: TypeError: Cannot read property 'attribs' of undefined","",1579271651,undefined,undefined,undefined,undefined,undefined
"https://www.facebook.com/KinokuniyaTaiwan/posts/2823467651000719","1563787054","【#漫長的告別】電影特映會後補",1579271651,undefined,undefined,undefined,undefined,undefined
"https://www.facebook.com/KinokuniyaTaiwan/posts/3182035588477255:0","[Error]: TypeError: Cannot read property 'attribs' of undefined","",1579271651,undefined,undefined,undefined,undefined,undefined
"https://www.facebook.com/KinokuniyaTaiwan/posts/3146776592003155:0","1576633779","歡迎跟著本書來一趟文青的古蹟巡禮！

 
日本全國有許多城市都還保留著經國家認證，古色古香的美麗街廓（重要傳統的建造物群保存地區）。本書透過自己的一套標準，篩選出119條美麗的街道介紹給大家，透過這些美麗的街道重新發現日本的優點，同時將構成街景的建築物特徵畫成插圖，與漂亮的照片一同呈現，讓讀者一邊飽覽古建築之美，一邊學會如何鑒賞細節。

 本書特色：
(1)遠赴實地採訪拍攝精美的古厝實景圖。
(2)每棟古屋建築都會介紹其歷史文化背景。
(3)以插圖標示出該建築的特徵，一目了然。

 《日本最美建築遺產群》
作者：美しい町研究會
譯者：賴惠鈴
出版社：瑞昇 
ISBN ：9789864013586

 ★購書方式★
1. 網路書店：https://taiwan.kinokuniya.com/bw/9789864013586

 2.門市付款取書：請直接電話或親洽門市服務人員，或來信servicetw@kinokuniya.o.jp
紀伊國屋書店台北微風店TEL:02-27212304
紀伊國屋書店台北天母店TEL:02-28320406
紀伊國屋書店台中中港店TEL:04-23293086
紀伊國屋書店高雄漢神巨蛋店TEL:07-5528292

 3.宅配貨到付款：請連絡servicetw@kinokuniya.co.jp

 #日本旅遊 # 建築 #古都",1579271651,"/KinokuniyaTaiwan/photos/a.660709090609930/3146776592003155/?type=3&eid=ARBd1bPDQz6aAnL8As9I_WQtGQxovsQ8vyh9NIlsC19tTVb5aeROb5VQGEFJwh6zWmQvoZosjN_S_-On&__xts__%5B0%5D=68.ARD6EAmRfnufzGa0Gd0D0rUycD6fQpgkwskWaKfUNqA5FZ6ZMbQLYop1F2hk3dZ1JN9tMu9MP8GH7rsFcyUf3lmrl5dsgZimJdQoiPPwO_P_1qNjc4MU2Nh1CvnLOgrbdyth3NlHxYFrGuKyeJCqPcg29UaaqKs7yA9bHmdujeTn_3Zc1791_3evsHnJ5q8G2d7dZtfyFyMw7Uw5qBfmwrPKoyA_S7jFn3MlgTu1rGnfEnvkRuJhUOpQ0O8biLf6ot86mSVciJ9WT-3ArQUw1GBUyOyPAAEc-JnDMCNgcA9rOrPUh_R4rbratA5e6r_mGLnrtmo-ulz0yebBYcUWaAaafw&__tn__=EEHH-R","https://scontent.fbkk7-3.fna.fbcdn.net/v/t1.0-0/s600x600/79429975_3146776595336488_2107581816977227776_o.jpg?_nc_cat=101&_nc_ohc=723BxMH3o8IAX_tL9Tl&_nc_ht=scontent.fbkk7-3.fna&_nc_tp=1002&oh=9b0a9473d9c6e13c9b26603e408f88c5&oe=5ED0E146",undefined,"",""
"https://www.facebook.com/KinokuniyaTaiwan/posts/3093622323985249:0","1574739728","【Webstore 網路書店獨家】
單筆購物滿500元 免運費!

 ✔活動連結 ：https://goo.gl/ooFWo7

 ✔活動說明 ：

 1.活動時間：11/26~11/28
2.活動辦法：網路書店限定不含實體門市。活動期間購買商品單筆滿500元，即可享免運費之服務。 
3.單筆訂單若遇供應商售罄缺書、絕版或不發刊..等因素需取消時，若實際結帳金額未滿500元者，仍需酌付100元運費。 
4.出貨以單筆訂單為準，無法合併多筆訂單出貨。由於活動出貨量大，實際到書時間約1~2週左右。預購商品出貨則視其實際發刊後到台灣再出貨之時間為準。 
5.若因無存貨需向國外或廠商訂購時，可能需時間等候，實際出貨時間將另行通知。商品若遇供應商售罄缺書、絕版或不發刊..等因素，請見諒必須取消該訂單。

 ※紀伊國屋書店保留取消、終止、修改或暫停本活動之權利。",1579271651,"/KinokuniyaTaiwan/photos/a.546079942072846/3093622323985249/?type=3&eid=ARD4iOtNfa3sD4EVQoa9ACTvvkOLdV0EfWJX8JqydymFDRhhOic2ib95ZkESKxF2_1NZmJmbKBbAYl2Z&__xts__%5B0%5D=68.ARCr5hTADFrU9ogWfzhG6100PSenNlT-srogASUa12vvN605Et753ukJ1A_dV95GYn4ci13uLUIuDUWRSBu0ERKwWROT2BCYXu_b2Ol9N5aSqi4dm1URvMMnFXhx_6sEUz8OKnPG1cMFEvHLUHMEBDema6np5VYWBOhydxhHjWCycJxEQQO_x_VRnrlWErOnlPSYrC1NhYXbTIXnYZuFItbVQ6KpQQ1STVhb5gXXXuii1h0Sz3zWgM7RFp4rnM0jNHPj2Uv1qu-V96QZ5_xMFoqMEw38O1rbie2PNzf4W7Wh2bxRZF3pY-evrMVSiQfTdsFF-fP6xBVzMrxIUXLtxH3c2g&__tn__=EHH-R","https://scontent-cdg2-1.xx.fbcdn.net/v/t1.0-0/s526x296/78434193_3093622327318582_8015165777638326272_n.jpg?_nc_cat=110&_nc_ohc=6zsRuBgwyw4AX-ja8bF&_nc_ht=scontent-cdg2-1.xx&_nc_tp=1002&oh=90f4699d95a8d1b2fd62528e00735c28&oe=5E8D15C0",undefined,"",""
"https://www.facebook.com/KinokuniyaTaiwan/posts/2993849560629193","[Error]: TypeError: Cannot read property 'attribs' of undefined","",1579271652,undefined,undefined,undefined,undefined,undefined
"https://www.facebook.com/KinokuniyaTaiwan/posts/3151411801539634:0","[Error]: TypeError: Cannot read property 'attribs' of undefined","",1579271652,undefined,undefined,undefined,undefined,undefined
"https://www.facebook.com/KinokuniyaTaiwan/posts/3198910633456417","1578544123","歡迎旅日台灣作家 #李琴峰 蒞臨😍
2019年以新作「#五つ数えれば三日月が」入圍第161屆 #芥川賞 ，少量簽名書目前在巨蛋店上架📖

 出生於台灣的李琴峰，15歳開始學日語並創作中文小說。2013年赴日攻讀研究所。2017年首次以日語創作「#独り舞
」榮獲日本群像新人文學獎優秀作，是台灣獲得此殊榮的第一人。繁體中文版「#獨舞」更是由她親自譯寫而成的喔！

 ★紀國屋書店高雄漢神巨蛋店
地址：高雄市左營區博愛二路777號（漢神巨蛋購物廣場6F）
TEL：07-552-8292

 ★李琴峰作品：https://reurl.cc/8larmy",1579271652,"/KinokuniyaTaiwan/photos/a.722800927734079/3198908246789989/?type=3&eid=ARBBXtTTYoUd_t5d3bL1kJXjpR59kJel7o7zwpDY2GEfGGuVi6zXbCYLloRpI5fPrrSBgUg_P36MkAX1&__xts__%5B0%5D=68.ARARniOEy8l3n4twBJFhbgq7et6BY-H-RHvgCH320fAkRC1QobA-Y33fAqOdAeaBH4WQPq5EtKaIz1tZGMHiQdhe2nhxwdIH5CIFHczY0X2sSJ-MyKAhH8ZdpkJAprPVdLeJ2bz3O6bAcs1TvzqLki8bnXb8k6U-jChrkgkl3hrOPtshzRkcvdrSqm0IFkF_nxYaAFvBbaM51wxTUiFUU0DtgEbO2BWM-6Gqx_tWCkQpLdy_DIM-5_FdIJF1i4BGmXsIKMkmcOsagML8ljqTZzWU5228D3Vm61wdKHHmjPQBAXXerfBECIEJ4iZgGN_ISoT3gAHkK4G7lw5aRx1BECTLCzM0hC-VM0_mltgAzvGYPlGLOJlL6q2X17crFcR-nlzSMOD_Lw6-mWyVTxxfkvS9b3Qcm7yqBMxRG29Mk3d09lo&__tn__=EEHH-R","https://scontent-sin2-2.xx.fbcdn.net/v/t1.0-0/p526x296/81163563_3198908250123322_8160432510870749184_n.jpg?_nc_cat=101&_nc_ohc=PNZ5FkFau3QAX_BEKq1&_nc_ht=scontent-sin2-2.xx&_nc_tp=1002&oh=e883ba32652a8b1fd6e2626c48e93fb5&oe=5E978A5F",undefined,"",""
"https://www.facebook.com/KinokuniyaTaiwan/posts/2853762291304588","1565167035","MALAYSIAN PERSPECTIVES ON ASEAN REGIONALISM
USD40.80
ISBN: 978-967-488-090-3
Book Details
Author/Editor: Azirah Hashim • Anthony Milner
Year of Publication: 2019

 About Book.

 This essay collection examines a range
of Malaysian perspectives on regional institutions and regional
community building. It identifies Malaysian aspirations and
anxieties, as well as elements of a particular Malaysian regionalist
style. It notes too the recurring problem of how to balance regional
against more narrowly national objectives.",1579271652,"https://www.facebook.com/photo.php?fbid=1139834656201473&set=p.1139834656201473&type=3&eid=ARBbajuyrp1zVO_YEhiZjH5mm8WPxITY70Xumj9iVjWS_loEh-SxHsmbXM-osDcM7QHXggYp_cQaKTCr","https://scontent-lga3-1.xx.fbcdn.net/v/t1.0-0/p526x296/67637872_1139834659534806_1748926376741699584_o.jpg?_nc_cat=109&_nc_ohc=LXW5yjzw59AAX-JwFZ-&_nc_ht=scontent-lga3-1.xx&_nc_tp=1002&oh=8e3ffc6dab3843e228b6efd421b639ae&oe=5E9CB8EB",undefined,"",""
"https://www.facebook.com/KinokuniyaTaiwan/posts/3095776560436492:0","[Error]: TypeError: Cannot read property 'attribs' of undefined","",1579271652,undefined,undefined,undefined,undefined,undefined
"https://www.facebook.com/KinokuniyaTaiwan/posts/3130583293622485","","","","","","","",""
"https://www.facebook.com/KinokuniyaTaiwan/posts/3208742459139901","","","","","","","",""
"https://www.facebook.com/KinokuniyaTaiwan/posts/3160557373958410:0","1577153755","【Webstore 網路書店獨家】
單筆購物滿500元 免運費!

 ✔活動連結 ：https://goo.gl/ooFWo7

 ✔活動說明 ：

 1.活動時間：12/24~12/26
2.活動辦法：網路書店限定不含實體門市。活動期間購買商品單筆滿500元，即可享免運費之服務。 
3.單筆訂單若遇供應商售罄缺書、絕版或不發刊..等因素需取消時，若實際結帳金額未滿500元者，仍需酌付100元運費。 
4.出貨以單筆訂單為準，無法合併多筆訂單出貨。由於活動出貨量大，實際到書時間約1~2週左右。預購商品出貨則視其實際發刊後到台灣再出貨之時間為準。 
5.若因無存貨需向國外或廠商訂購時，可能需時間等候，實際出貨時間將另行通知。商品若遇供應商售罄缺書、絕版或不發刊..等因素，請見諒必須取消該訂單。

 ※紀伊國屋書店保留取消、終止、修改或暫停本活動之權利。",1579271652,"/KinokuniyaTaiwan/photos/a.546079942072846/3160557373958410/?type=3&eid=ARC5TOZW9xTwq69A7YI0nwoJ36u5pgRMdx_oQdTlw3_mwHpHgxrxHzrF3jPVSTtJ73R1JdZPGvwF1sLP&__xts__%5B0%5D=68.ARAn0_QvQzB8CpjBuTRI7kGM2H0O2bABHqPoPR7XkG490Bk9dKcRXxHhgC9hD2zLCWRIOqf3-NjCXFqsK1xBxGwl7M776xEB2BGsC-0BS-OSJUF4g6l-02AOq7AHJ432JBDm9pp_JUEdoZm7ispiD6ISXOeWWgAlx2NYhJgAQuLeLq7yo_mLtpVOb2lBYFTrYO-zQWzF4JDLPbJpHOFAJNCs52HuYyzE4wFpdalqrizZGZ--VmrcJeINp_PrprBjcgZYIWq2OUg6suZxSViN7oBWPOgZKWO15O3QDnBWRiWHEzgeSnZZggJaMSZeM26-699PPH8-ixM2tmXlAoJ_YaQH2g&__tn__=EHH-R","https://scontent.fhel4-1.fna.fbcdn.net/v/t1.0-0/s526x296/80016093_3160557377291743_3820869384025407488_n.jpg?_nc_cat=104&_nc_ohc=eCCWLgEGU28AX9MatA3&_nc_ht=scontent.fhel4-1.fna&_nc_tp=1002&oh=ede8bc559e68f248505395471bb5f858&oe=5EA15CB4",undefined,"",""
"https://www.facebook.com/KinokuniyaTaiwan/posts/3091635407517274:0","1574670139","耶誕節小物推薦！！！
雪花造型打洞器的使用非常簡單又方便，打出來的雪花能應用在卡片或明信片上面，片片雪花營造耶誕氣氛！

 除了雪花之外，還有其他可愛造型圖案喔！

 ★KPC會員獨享9折、會員日享8折。

 紀伊國屋書店台北微風店TEL:02-27212304
紀伊國屋書店台北天母店TEL:02-28320406
紀伊國屋書店台中中港店TEL:04-23293086
紀伊國屋書店高雄漢神巨蛋店TEL:07-5528292
（商品庫存情況請以各門市現場為準）

 #耶誕節 #文具迷 #日本文具 #日本雜貨",1579271652,"/KinokuniyaTaiwan/photos/a.510648495615991/3091635407517274/?type=3&eid=ARDvpNdqbGs-47nY57UHp-qKWr7JeYxTRp-wWCqegDyFlZiZ8ai0IoHq8C-olqBLRy1PYkoUO09w4w_z&__xts__%5B0%5D=68.ARAxXzMdhBuz5a5WodC_Ewh3KFvU7_LI9My0KbNqRcSfkOHRDvrFxXLrt6aSrsMfx4Q2Yx9mh6wYfvR897ZP2rzjnZdS8Rvap7d8YrXpT_5Zonz3YqCFpXHM-3nwHPfFZzKlAVYjGZ3_JfI8BfkYiS003VWjXPfWMoMbP3khajBnmH0ZL7XKx8XsWtN4inW5qJdEXc5rc27h6iUdkBJrDmJ3bC33DNzP8UcR7F19PW1l5PG-6YrTa6SxupWY9faRO_9doneSoApt4h-be0AJQKNyGHSoFdPfJYehVObUAVIN9lyY30kbQShM8W94mUCPhSgbqgxdT8Il0vwtYzGS-uGJnA&__tn__=EHH-R","https://scontent-arn2-1.xx.fbcdn.net/v/t1.0-0/p526x296/78340989_3091635420850606_3523699145116221440_n.jpg?_nc_cat=101&_nc_ohc=cz5QMCdiKiMAX8qTXFA&_nc_ht=scontent-arn2-1.xx&_nc_tp=1002&oh=18dd7b308861f24374555d5241fa42f8&oe=5E9167CC",undefined,"",""
"https://www.facebook.com/KinokuniyaTaiwan/posts/3196813826999431:0","1578467638","話題日劇 #グランメゾン東京，粉絲們有追嗎？
#木村拓哉 在劇中化身為米其林星級主廚，與 #鈴木京香 及戰友們朝著米其林三星夢想前進！

 劇中美饌是由東京米其林三星名店「Quintessence」主廚 #岸田周三 、二星餐廳「INUA」主廚 #ThomasFrebe 
設計監修。而主角的餐廳「Grand Maison
Tokyo」原型即是「Quintessence」，從首版《東京米其林指南》推出至今，13年來「Quintessence」皆維持三星殊榮。

 
東京是目前全世界擁有最多星級餐廳的城市，在2019年底公佈的《2020東京米其林指南》中，總計226間餐廳摘星，其中11間獲得三星榮耀。新的一年，如有計畫前往東京旅遊的饕客們，請記得先將這本摘星指南收藏起來：ミシュランガイド東京<２０２０>
https://taiwan.kinokuniya.com/bw/9784904337363

 #ミシュラン #東京米其林指南 #Michelinguide #GrandMaisonTokyo#Tokyo #東京 #天才主廚餐廳 #型男主廚三星夢",1579271652,"/KinokuniyaTaiwan/photos/a.663622380318601/3196813826999431/?type=3&eid=ARANF_wVQIWT4FmTtb9Lg3SbN97kK0zmVXeUFZssRdosVxTkdaHkUVGNQ_GHN2oeQzPK4_aPxS5JsUpP&__xts__%5B0%5D=68.ARBjgJ40dd0ft61O7Oh-RkIe85mMIbCW78OkN4OpNKmrO-I-kVGxkQsW3kSwEEXLpiM2UOrfRi4VNZt7tL0Ch9Mb6EMB6dFhChorpbCL5Uv6Y3pROD4M7Po-p479BcRjLEYfy3RdTiJiDvnObFGshga3YwyuHnNfzYUtsCasSc4F4jVN4Kml85mFo7hodI3oNqmsFYJ62rG5cDSZtR_exssYGJs6bMjoGaD28-lUmT8gT3boJ0AHqOt5MRMNTL1Ak3eAF-Phg33Iz0N4RwHg_PjbR3yNjTWSnVIlfA5su_flEaXZxQIb9VS5QGkdWiSUZckpHTYaoYCcNLWUiR7bvfmppg&__tn__=EEHH-R","https://scontent-cdg2-1.xx.fbcdn.net/v/t1.0-0/p526x296/82036410_3196813830332764_8482065053841883136_n.jpg?_nc_cat=108&_nc_ohc=9i1eiwkEAxEAX-k_TN4&_nc_ht=scontent-cdg2-1.xx&_nc_tp=1002&oh=9fd35ccfad678475e0bc3a3cc4f2531e&oe=5EA0FE41",undefined,"",""
"https://www.facebook.com/KinokuniyaTaiwan/posts/3165614236786057:0","1577333361","日本京都雜貨品牌「平岩」的佛系文具到店了！
平常看似莊嚴肅靜的大佛、觀音、阿修羅和彌勒佛變身為原子筆、紙膠帶和便籤等書桌必備小物，簡約的插畫線條佐以馬卡龍色系點綴，忍不住少女心噴發啊～♡

 新年新氣象，佛系文具讓大家考試有如神助，家和萬事興，簽約無往不利！！各店少量現貨，快來店選購吧！

 ★販售門市★
紀伊國屋書店台北微風店TEL:02-27212304
紀伊國屋書店台北天母店TEL:02-28320406
紀伊國屋書店台中中港店TEL:04-23293086
紀伊國屋書店高雄漢神巨蛋店TEL:07-5528292
（商品進貨與庫存請以各店實際情況為準）

 #日本文具 #文具控 #紀伊國屋書店 #佛系 #文房具",1579271652,"/KinokuniyaTaiwan/photos/a.510648495615991/3165614236786057/?type=3&eid=ARDAwt67TmtcIHuKIlzBh5eH6xeOtnQ3gb5HobmSU2GjqlkRo3utXDqibsB4W0LmYdUPh9gorG7h6ePc&__xts__%5B0%5D=68.ARA_uu_CHUXUWEt4V4BH3sJz9CxKl7yzjN3GjXHtpf4rVUrby-Pxm8elZOIIDmLVCRML5IDqtLRJwKIGbprnLhkw4t6N9hvFXVVkiMu_SgZdPxiBNqFfSf5Ac0Okl6lq5PO0lB-EUSkvtqvDzSoD7feXKlZpkXaMxPcyZayJk6y4XaK8kt7yGrA-xzU77yGW0Jat5I-oQpWyTPuFR9aBy_b8jFXporCbhdg_BCsPfqomkGbpQOuzQgbmD278xS9qkn4w0oOFJT_FBk2SE7A0zkJUV7EaG0i9OXCCuWGkMYPVA0lyqkkJtH9vUh2pSIJsZhw1IL6V72qM51lVbm0esBx6jg&__tn__=EHH-R","https://scontent.fcgk6-1.fna.fbcdn.net/v/t1.0-0/p526x296/80348652_3165614240119390_5463482564138237952_n.jpg?_nc_cat=100&_nc_ohc=9vtlbYKv6z4AX9r3TZw&_nc_ht=scontent.fcgk6-1.fna&_nc_tp=1002&oh=ced52a7171d86bd1a3372e0572dc7ba5&oe=5E975E58",undefined,"",""
"https://www.facebook.com/KinokuniyaTaiwan/posts/3108421259172022","1575269028","12月的KPC會員日已公布在官網😍
為家人及朋友挑選一份耶誕好禮吧！

 ★KPC會員日詳情：https://www.kinokuniya.com.tw/artical.php…

 ★活動門市：
紀伊國屋書店台北微風店TEL:02-27212304
紀伊國屋書店台北天母店TEL:02-28320406
紀伊國屋書店台中中港店TEL:04-23293086
紀伊國屋書店高雄漢神巨蛋店TEL:07-5528292",1579271653,"/KinokuniyaTaiwan/photos/a.722800927734079/3108418979172250/?type=3&eid=ARBEd_eCM7p7zsB4lgAJ9tPOLT5abLoI9fvWsILgerZ6hXWlSgLkBGqxsQ3AZwgjwia8gQEUd1SxjvC4&__xts__%5B0%5D=68.ARDZqaH8uPq7-xE0Ug12XW-vv6a5hcQIEfgerTZgEXpPzJ8KPQr2Pz_ciRY4fjW0kKAt6nNod70QCF7u7uIkNawHLxIIWVu0LuTk06Gg7T7NhPCMeWDPvqJIKPnq-mP19NgGaGP07iNU5IdcetXPDl2Q1LMG-ZVB0J8NJjqdM_IPuSPGg2qsRaanD_3wXVRK1T_bHbgo-Iwu7cqGiZsl_p7nEnIqL08wC6c0o7kjmJnH6b7qU7vLUq0XzNCOuOUowmEMstXvr8wPoTntN1nrFMyTlb29nP6b7TY6Z9tAEvXqPwQegTLNPe7KVT0IwvXhvmswsM0VHzRzlMDfwlStYd7RLg&__tn__=EHH-R","https://scontent.fcgk13-1.fna.fbcdn.net/v/t1.0-0/p526x296/79714768_3108418985838916_7676893126908182528_n.jpg?_nc_cat=103&_nc_ohc=1DpCzDo4vqAAX9ffNOQ&_nc_ht=scontent.fcgk13-1.fna&_nc_tp=1002&oh=deeb21832908e5d05dd6cda6356b2e7e&oe=5ED2F02F",undefined,"",""
"https://www.facebook.com/KinokuniyaTaiwan/posts/3167853303228817","1577418035","進入倒數，即將迎接新的一年！
日本新年習俗之一，人們會在歲末年終寫 #年賀狀（#ねんがじょう）寄給親戚和朋友，傳達新年的祝福。在數位時代裡，親手寫下的心意更顯得溫暖可貴。

 #現在寫還來的及✍️💌
#從跨年祝福延續到農曆過年
#謝謝郵差大哥辛苦了

 ★販售門市★
紀伊國屋書店台北微風店TEL:02-27212304
紀伊國屋書店台北天母店TEL:02-28320406
紀伊國屋書店台中中港店TEL:04-23293086
紀伊國屋書店高雄漢神巨蛋店TEL:07-5528292

 （照片於微風店拍攝。商品進貨與庫存請以各店實際情況為準）",1579271653,"/KinokuniyaTaiwan/photos/pcb.3167853303228817/3167847846562696/?type=3&__tn__=HH-R&eid=ARAIWxiUIk6HK35ljyrkCi9IdnNs7CaQjQyhORfMw3cPusBwYRMmsVJXVA9cdxbfLFf0ZWcI08XdrC3I&__xts__%5B0%5D=68.ARBKzx4N5MbwY1QAZjjk9laCHaxaKJYCa4IUTbOq7wZGT526_BvJ4rUlDiXJAlq6Vt4v4BPYB0XzdDHjy2Mxy8csWIke1ffCpKqqzvn1cMCTwGoS1K91jlYKrwgIs_ubC2Bjjm7DgM0eAb7mXwRUqC4XEzFSMOlf4biyW4LAAekVDLC8nIifG5to-DzemydjWGQyoQh6EWts9tmwUieGveWErOp5RvGLovGzVup_h22HBSpkZfsOdRBOLuJaFsFnDGeOQannBv6_aBb6lCSxorWPix2qJeGc51N2tug4d4HHOVOijY8v_WlWAdlL0uwJSMRuurovFW_8n9NcAMiWkzNQTQ","https://scontent.fdac7-1.fna.fbcdn.net/v/t1.0-0/p526x296/80515496_3167847849896029_100953876307378176_o.jpg?_nc_cat=111&_nc_ohc=IPdxC9-KHBUAX-wP4pp&_nc_ht=scontent.fdac7-1.fna&_nc_tp=1002&oh=3eb7fcdaedac0fb462353f7b20925d5a&oe=5EA07BE1",undefined,"",""
"https://www.facebook.com/KinokuniyaTaiwan/posts/3083672928313522","1574479802","日本國寶級染色大師 #吉岡幸雄 以美學之眼探究構築千年古都的傳統設計，320張照片聚焦構築古都風情的13項空間細節，走入千年底蘊的美學殿堂。

 玄關、障子、窗、引手、釘隱、欄間……看似不經意的細節所蘊含的設計巧思
夏座敷、台所、坪庭、祇園會……敬畏神靈，找到與自然共存的生活方式
門、塀、垣、屋頂……表達自我主張、意識他人的建築外觀
看板、暖簾……現代商業廣告之始，展現老舖風骨
路地、辻子、小徑、橋……聚集人們的奇妙空間，讓人不知不覺走入其中

 原來，這些生活結晶正是京都俯拾皆是的千年遺產。一踏入京都，即身在「美」之中。

 《京都美學考》
作者：吉岡幸雄
譯者：吳昱瑩
出版社：遠足文化
ISBN ：9789865080402

 ★購書方式★
1. 網路書店：https://taiwan.kinokuniya.com/bw/9789865080402

 2.門市付款取書：請直接電話或親洽門市服務人員，或來信servicetw@kinokuniya.o.jp
紀伊國屋書店台北微風店TEL:02-27212304
紀伊國屋書店台北天母店TEL:02-28320406
紀伊國屋書店台中中港店TEL:04-23293086
紀伊國屋書店高雄漢神巨蛋店TEL:07-5528292

 3.宅配貨到付款：請連絡servicetw@kinokuniya.co.jp",1579271653,"/KinokuniyaTaiwan/photos/a.722800927734079/3083672691646879/?type=3&eid=ARBDykfVRCduACOUjxXu41NPIhQgKL3duzguUJetDJjhjEvU-kPFEsr_AWOmXAfRnfl8Rvk-OSzOt0QT&__xts__%5B0%5D=68.ARDol63eMmnmQM3Owjm_CJDUpAk7gDVEiYFkBUm48dLorc3aFOT5fLGajNzp98Y8V4213EEpoQRIaQ_ylrwZW4h-94Y9tdoffFcEpcOqdnOnPOmuzv9BH57Qd4uPr37-xIkAH-LytmQnrf_S8O6DmXgEziLl512rt0uoAK5WEuQY1dBe8EbWC6YkoN7LYYrV03j2mPcNnQefxZpW97PIWKS_-nwvFCwx5NhBOGQbkSP1ilf-tfh7of5A99ODT4-w8QJCXODOZMcXjKvNixWTApNnbUMwSzb00xLNSuH71iQmqLFEmOpS6WQfe1AOtiHWA-9M3-EmuJnYDaqE5XPXGXpxag&__tn__=EEHH-R","https://scontent-sin2-2.xx.fbcdn.net/v/t1.0-0/p526x296/72473660_3083672698313545_3848264699778957312_n.jpg?_nc_cat=110&_nc_oc=AQk2m5VtNXQoGPm7L1IdfpBTnVrJu0qy2-1Wk8J_HL6FVPQCCJktLPQ_2FI437WryTI&_nc_ht=scontent-sin2-2.xx&_nc_tp=1002&oh=8c8f475adefe1ba0475efcbe919f50b3&oe=5ED7DD1C",undefined,"",""
"https://www.facebook.com/KinokuniyaTaiwan/posts/3147118121969002:0","1576647742","紀伊國屋書店 X 天気の子 
#KPC會員「天氣之子特別卡」
2019/12/20(五)起，限量登場！

 日本動畫導演 #新海誠 
2019年最新作品《天氣之子》動畫電影與原著小說自推出以來好評不斷，話題持續延燒，如夢如幻的絕美場景令人著迷。我們非常開心能夠將此作品結合會員卡，陪伴愛書人的閱讀時光。

 ★什麼是KPC會員？
Kinokuniya Privilege Card （簡稱KPC），是紀伊國屋書店在台灣推出會員卡服務，提供會員專屬之優惠及服務內容>>> 
https://is.gd/hFhdjy

 ★如何申辦KPC會員卡？
本卡採年費制（NT.500/年），使用期限一年。紀伊國屋書店全台四間門市皆可申辦，歡迎至門市櫃檯填寫會員申請書並完成繳費，即可取卡並享購書優惠。

 台北微風店（微風廣場5F）TEL:02-27212304
台北天母店（大葉髙島屋4F）TEL:02-28320406
台中中港店（廣三SOGO百貨12F）TEL:04-23293086
高雄漢神巨蛋店（漢神巨蛋購物廣場6F）TEL:07-5528292

 若您不便親自至門市辦理，請2019/12/20(五)起，再來信servicetw@kinokuniya.co.jp索取會員申請書，謝謝。

 #天気の子 #天氣之子 #WeatheringWithYou #台灣角川",1579271654,"/KinokuniyaTaiwan/photos/a.3147118045302343/3147118121969002/?type=3&eid=ARCy8aqf9dG3kgGu3wgWd1T_53LkqJF8KOLlPeEZhq3YaiPUtTa0xR63I7pPhPYmeAYmKts2L-Xok26M&__xts__%5B0%5D=68.ARC_SjMj_cRUIq-B-9OiRtckNe3zD_B32Py9NgZKtOOAaI1eHEBvMWMaqcI1udFS2VzK-wXtMHUUJR9T8b3cG2pGOvs6I9vnKkf3qKwrdeyR6GwHJMin5sEeWaG-4ig_hFmKqey5LfFzdmv4b_nqSaT15kB22YLqrONbIcMjfZjs7eAuPsQwIAD9MtCFxcXpHBdZ5XQEzsQ-ENu7H6xnpnLtCNC_dIIqNrwZwza4vs5ycBcI30NOw9UTnD9uiS_FCEBY4f3UB5FiA7mdQRq4MwKHzQTKDhluj1ivI-gMvXHuk7ZevWxrFRYs8xtKaUECAQ6BqSSKBGOiri0_JoLddwLnOg&__tn__=EEHH-R","https://scontent-lga3-1.xx.fbcdn.net/v/t1.0-0/p526x296/79386991_3147118125302335_1380649380834443264_o.jpg?_nc_cat=111&_nc_ohc=pjbJzzxrG6AAX9dGuxK&_nc_ht=scontent-lga3-1.xx&_nc_tp=1002&oh=68bacd9232206d4fe7508ab361808b31&oe=5ED69362",undefined,"",""
"https://www.facebook.com/KinokuniyaTaiwan/posts/3174978085849672:0","1577690753","2020年即將到來，準備好跨年計畫了嗎？

 請先將 #KPC會員日 記在行事曆裡，趁這天來店選購書籍＆文具雜貨 享8折優惠喔！

 1/1(三)元旦
1/12(日)
1/25(六) 大年初一 ～ 1/28(二)初四

 ★會員日詳情：https://www.kinokuniya.com.tw/artical.php…

 ★「天氣之子特別卡」詳情：https://reurl.cc/YlrzY4

 #紀伊國屋書店 #新海誠 #天気の子 #天氣之子 #WeatheringWithYou #台灣角川",1579271654,"/KinokuniyaTaiwan/photos/a.3147118045302343/3174978085849672/?type=3&eid=ARCt9zIQQw_ES6RzaAUWZRZ9r-tRiJizSLg7_Mrbj0SxDlbQVODFM3QsZ-VwVSoaKJIqcIJf2ucQcwfr&__xts__%5B0%5D=68.ARBmtN9lbNlB-3otMaLV-Qqrr6wcpLGTQyoQZ1P8S2oqdiqhhPa7-4sLCQFKz0Gbdq3IiQ0aV9HpfZMYV5l1A36qmPQyTaOefD9SbMtbAgUSm_G5Ucm6bcGnuJJ3l3Ll_F3ojKVgMKoVsdU3mxDtccTMZUokgqBs2lEFupxn7GC3PNVcDXANvymZg3klBX7vDh6V7e4dWwmtGavSVHLXEGZL4hyT9mZ4cpBHUg15OYIKSqRFshnjxn_zGafFVzgwZU5KJPMazW9rwoeqCdZjMzIQuvjY14MY8BW4MZeF8FX4WKfybySWsxw3RAhMpzBjxB8k8cYXext_ZtfKqAYLEPluvQ&__tn__=EHH-R","https://scontent-sin2-2.xx.fbcdn.net/v/t1.0-0/p526x296/81125712_3174978092516338_470895425444904960_o.jpg?_nc_cat=106&_nc_oc=AQlnGH2j4O39H8uXHJ_y84VcF_xEv4IEd62_rDMBP9gpg4IdKITta4SVbhZD6c4rCpo&_nc_ht=scontent-sin2-2.xx&_nc_tp=1002&oh=446d24f5600c777c29b28463f6ff361a&oe=5E91D81F",undefined,"",""
"https://www.facebook.com/KinokuniyaTaiwan/posts/3132909406723207:0","1576120095","有一天北極熊收到一封信，信上說：「我會寄草莓給您。」

 
草莓？好熟悉的名字，好像在哪裡聽過⋯⋯啊，想起來了，是那個長得很可愛的紅色果實。北極熊收到一顆草莓，開心繞圈跳舞，看著草莓看到心醉神迷，夜晚也要裹著草莓的香氣入睡。往後的每年冬天，都會收到草莓，而且一年比一年多。

 草莓越來越多，喜悅的感覺也會跟著增加嗎？最好吃的草莓會什麼樣的味道呢？

 
《世界第一的草莓》
作者：林木林
譯者：米雅 
繪者：庄野菜穗子
出版社：拾光工作室
ISBN ：9789869685153

 ★購書方式★
1. 網路書店：https://taiwan.kinokuniya.com/bw/9789869685153

 2.門市付款取書：請直接電話或親洽門市服務人員，或來信servicetw@kinokuniya.o.jp
紀伊國屋書店台北微風店TEL:02-27212304
紀伊國屋書店台北天母店TEL:02-28320406
紀伊國屋書店台中中港店TEL:04-23293086
紀伊國屋書店高雄漢神巨蛋店TEL:07-5528292

 3.宅配貨到付款：請連絡servicetw@kinokuniya.co.jp

 #草莓季 #草莓 #繪本 #いちご #イチゴ",1579271654,"/KinokuniyaTaiwan/photos/a.647901465224026/3132909406723207/?type=3&eid=ARB3UaOi9DH5R4torhWOEpEMEpDVqTTY-6tFRoOOWjMKtqBNrseyDxkk6PPyr8sVb0SYGel1xC2lJ9g9&__xts__%5B0%5D=68.ARCHGB98_3XIAp2tZ8kSLZsU3Kw_LH2Htfgvwga5CGXCeJQgyjn-M2OrcJHZnPUkz0tg5og4DuQ1uA8ex5TXzv0RR2KK7HN-5ugGD1KgF4Mzwwt0KpRb37MQG_XNKpf2WUeOJu-HQUHgaNwu17_myt_T1GV1JlCOtBMKrP1cyjMHAXYqotMlS-pQn6OS7yi-DO2e9XFxv8wQGwGyaHwvvtJWtk6in0SEY26vNvBfSUvhQLOsd4PI6C6zNXjDkq0P3vozLmIavn4ve1qHqyJ-qip0Ua4_XyRHGB2rj-mEu2Gy2vHzd_t9cHUuHV2m3Aa0ZV73uuoK0JKMGn2CrfTP61xYog&__tn__=EEHH-R","https://scontent-sin2-1.xx.fbcdn.net/v/t1.0-9/s720x720/78955950_3132909410056540_8099363955731857408_o.jpg?_nc_cat=110&_nc_ohc=sXgJ1Vq4CuUAX9Vz4ii&_nc_ht=scontent-sin2-1.xx&_nc_tp=1002&oh=447d7f056fe0ef18d0c2cf77249ba591&oe=5E94940D",undefined,"",""
"https://www.facebook.com/KinokuniyaTaiwan/posts/3163162350364579:0","1577246435","環遊世界80天哪夠？
與貓同遊365天才過癮！

 五大洲最想去哪裡？
爬上高山、潛入大海、走進叢林，乘坐船隻和駱駝，在世界遺產內享用美味食物並小憩一番。在炎熱和寒冷的國家與貓相會，探訪各地珍奇物種、特殊景觀、奇蹟美景、迷人文化、炫麗表演、可口美食……

 貓眼看世界，世界大不同，陪你悠遊各地，每天都有新鮮事！

 《365天．明天去哪個國家？喵》
作者：中西直子
譯者：黃薇嬪
出版社：漫遊者
ISBN ：9789864893652

 ★購書方式★
1. 網路書店：https://taiwan.kinokuniya.com/bw/9789864893652

 2.門市付款取書：請直接電話或親洽門市服務人員，或來信servicetw@kinokuniya.o.jp
紀伊國屋書店台北微風店TEL:02-27212304
紀伊國屋書店台北天母店TEL:02-28320406
紀伊國屋書店台中中港店TEL:04-23293086
紀伊國屋書店高雄漢神巨蛋店TEL:07-5528292

 3.宅配貨到付款：請連絡servicetw@kinokuniya.co.jp",1579271654,"/KinokuniyaTaiwan/photos/a.647901465224026/3163162350364579/?type=3&eid=ARAWvH4KVp5RQBx5AxtcwGuk5GHMEQXk0rjS4p-DP4RpuDb9_ALPXOum0sQosd9PwGeO8b3Igl4xyE6r&__xts__%5B0%5D=68.ARCFGZuKi5QvyjuMhhEYeuOkR8WPRJPbQO5eaDB4V2_KMfocE2tRNl6wUCYtLfNm1iQCaTRZn-xx04-q5zhEdXfNyhRIQXkVfsoh8cCc9FHQy1qgxPUEuSIMEzNOvOH41t4lgAxy3-kGtqlx7olzpDjkste9jAYypXHzkl4q1axfn0SnOkb-JYKDLZRdmKFYKwdsLlTyxjE_9jSpWvAedGw2844iSkWIwMuqQHx1amBZW9-1zwhd3QGmm5CRC83tVvK2rxuKl0jJmjKlpq-LDANaSPHnSWeiGImZzfx30kKtm1PVMLciwtzW56ORngG88OeMt63d4HZodv4hyFcJimjl-g&__tn__=EEHH-R","https://scontent-yyz1-1.xx.fbcdn.net/v/t1.0-0/s600x600/80681243_3163162353697912_7261619877293588480_o.jpg?_nc_cat=104&_nc_ohc=Yek36POwgYEAX8dH_q0&_nc_ht=scontent-yyz1-1.xx&_nc_tp=1002&oh=eedbec5009eb4a6c28bb7cf34b72ef1b&oe=5EDA3250",undefined,"",""
"https://www.facebook.com/KinokuniyaTaiwan/posts/3132756106738537","1576114323","😍日本偶像傑尼斯2020年月曆預購（9種）

 預購期間：即日起~2020/1/16(四) 

 ☑️KPC會員獨享9折優惠
☑️預購請先付清全額
☑️發售日預計：2020/3/6(五)
☑️到貨預計為發售日(2020/3/6)後的兩周左右，請以實際通知為主

 ジャニーズカレンダー2020. （2020年4月始まり)

 ★Hey！Say！JUMP【Hey! Say! JUMPのきらめきを365日、いつでも近くに感じたい。】 －台幣定價 977元

 ★Kis－My－Ft2【カラー×モノクロの両A面で魅せる、大人なキスマイ。】－台幣定價 977元

 ★Sexy Zone【Sexy Zoneの魅力の最前線！一年中、彼らの熱い視線を感じられるanan特別編集のフォトカレンダー。】－台幣定價 977元

 ★Johnny`s WEST【沖縄で撮影したジャニーズWESTの新たな魅力満載のカレンダー。】－台幣定價 977元

 ★King & Prince【King & Prince全方位の魅力を閉じ込めたカレンダー】

 ★SixTONES【2020年1月22日にCDデビューが決定したSixTONESのカレンダー。記念すべき！】－台幣定價 977元

 ★Snow Man 【2020年1月22日にCDデビューするSnow Man初の単独カレンダー！】－台幣定價 977元

 ★ジャニーズJr.【登場するのは７ MEN 侍、宇宙Six、MADEなど約70名！ステキな365日をお届けします】－台幣定價 938元

 ★関西ジャニーズJr.【人気沸騰中のなにわ男子、Aぇ!group、Lil かんさいをはじめとした、関西ジャニーズJr.のカレンダー】－台幣定價 938元

 #傑尼斯 #2020月曆 #ジャニーズ",1579271654,undefined,undefined,undefined,undefined,undefined
"https://www.facebook.com/KinokuniyaTaiwan/posts/3213191968694950:0","1579051738","【Webstore 網路書店獨家】1/15(三) 日文文庫•新書全面 85 折

 ✔活動連結： https://goo.gl/86B9WM
✔活動說明： 
1.活動時間：2020年1月15日 
2.活動辦法：網路書店限定不含實體門市。活動期間購買日本進口之文庫•新書書籍，即可享85折之優惠。實際優惠和台幣售價以系統顯示之優惠金額為準。 
3.本活動優惠限定指定之時間和商品，以系統顯示為主。 
4.單筆訂單因缺書、絕版等因素需取消時，若實際結帳金額未滿1000元者，仍需酌付100元運費。 
5.出貨以單筆訂單為準，無法合併多筆訂單出貨。由於活動出貨量大，實際到書時間約1~2週左右。預購商品出貨則視其實際發刊後到台灣再出貨之時間為準。 
6.所訂購之書籍若因台灣無存貨需向日本訂購，需時間等候或可取消該單，實際出貨時間將以郵件通知。商品若遇日本供應商缺書、絕版或不發刊..等因素，請見諒必須取消該訂單。

 ※紀伊國屋書店保留取消、終止、修改或暫停本活動之權利。",1579271654,"/KinokuniyaTaiwan/photos/a.546079942072846/3213191968694950/?type=3&eid=ARAteSo_-fP6_j7kZukvGANaRp_tcFLvMTx-r6wlzpp7Ubuee8aBgcoY86wtsFqyhw1Bwfw9U386IH3j&__xts__%5B0%5D=68.ARDMXN5QArsQPUopqtdkMjinOOM1Ag7z15uHFYQcIRaLptKtnoubslBz3etJcKKvHnWxXSapehiJV_lyECLmJAyFf3_o5UT7PpCFocnonYB9MVvOEhkwgBVTBMAz94oNYZD_eewmXCtBzTDG2RNN31kz3agskw7rvyDWtwyudIBN6qzctco3FkR0Oc7eIQ0sp_egA-bwPenKO48CfiiXZVzaOj5lGrc-8fM6K-iEycpx_2NIMUFASO4r2ad_O33YfPpdxThvCrYPyDEgfTHU1Fro_Kk_Sxs7kG_SxxJ43j-w-DF2n4IBZwQKYizKnjSdoZJ50wgKKyqd6aIcvaahTKCghg&__tn__=EHH-R","https://scontent-lga3-1.xx.fbcdn.net/v/t1.0-0/s526x296/82181994_3213191972028283_253494506022764544_n.jpg?_nc_cat=101&_nc_ohc=iVHfc0A_w40AX8Fd8LV&_nc_ht=scontent-lga3-1.xx&_nc_tp=1002&oh=9016cf98f0c9390f8fc5a87a65df2931&oe=5ED4C155",undefined,"",""
"https://www.facebook.com/KinokuniyaTaiwan/posts/3176777245669756:0","1577757968","【Webstore 網路書店獨家】 

 1/1(三)元旦 全面85折！

 #HappyNewYear

 ✔活動連結 ：https://goo.gl/ooFWo7

 ✔活動說明 ：

 1.活動時間：2020年1月1日
2.活動辦法：網路書店限定不含實體門市。活動期間購買商品即可享85折之優惠。實際優惠和台幣售價以系統顯示之優惠金額為準。 
3.本活動優惠限定指定之時間和商品，以系統顯示為主。 
4.單筆訂單若遇供應商售罄缺書、絕版或不發刊..等因素需取消時，若實際結帳金額未滿1000元者，仍需酌付100元運費。 
5.出貨以單筆訂單為準，無法合併多筆訂單出貨。由於活動出貨量大，實際到書時間約1~2週左右。預購商品出貨則視其實際發刊後到台灣再出貨之時間為準。 
6.若因無存貨需向國外或廠商訂購時，可能需時間等候，實際出貨時間將另行通知。商品若遇供應商售罄缺書、絕版或不發刊..等因素，請見諒必須取消該訂單。

 ※紀伊國屋書店保留取消、終止、修改或暫停本活動之權利。",1579271654,"/KinokuniyaTaiwan/photos/a.546079942072846/3176777245669756/?type=3&eid=ARAMLIZ23a-q5pTstcynJjd0BoIfpQI_S8XalGUfiRMN7Z3CGyeCQsza3-2c3pY1HlcFqnJagL_FadHg&__xts__%5B0%5D=68.ARDdUQBe5pU36MjRhI9Sr22KVrgd2hifodu9BLnFCs5EOPOVlHUpXxHhlxbPSFNTWLrFm6IRId4mvwAfIRY0_L8D4k9JvrgwqmfGE2g3lfGOiLABRpoZUIz_TsW5NlL_FFPNJXVEFLRUBq-xV9VQKmtxtUYODm0qGSmS3-4r8vHcTWh2FUQ31q3pIitoaQpgyRvil3EPtOh9vGnhQehUDgot0d6vIPh4nwTQW2svQtE6vUjCNgPtQkao_aNIu8vJoNofCcI8suHS5Er2dc2WR_rAk7iTy-TMH6jychgLdXLT8MzxlwG12okfbWNiugAKJl6UdCqX2pUS90qTliGOzziUCA&__tn__=EHH-R","https://scontent-sin6-2.xx.fbcdn.net/v/t1.0-0/s526x296/80691735_3176777249003089_7369599358024548352_n.jpg?_nc_cat=109&_nc_oc=AQm9Pit4BGlaIpJptUF6JONg8CM7IyI8ta_Sk__RhbX8vQ-wJ97cEP9NRqCb7xF0vZM&_nc_ht=scontent-sin6-2.xx&_nc_tp=1002&oh=c981c409f9b0d6f70604e704bafdc816&oe=5E942736",undefined,"",""
"https://www.facebook.com/KinokuniyaTaiwan/posts/3078459502168198:0","1574218445","啟發村上隆、小松美羽等前衛藝術家，21世紀日本美術界的當紅巨星 #伊藤若冲 ，近90幅難得一見的經典作品一次擁有！

 ★中文世界首度出版！最豐富完整的若冲名畫導覽★
．全彩收錄近90幅珍藏名作，完整呈現若冲精彩的繪畫生涯
．近代美術史家監修解說，深入理解若冲如何構築擄獲古今人心的奇想世界
．同時介紹日本各地35處公共收藏機構，展開日本美術巡禮的最佳指南

 《若沖百年巡禮》
作者：狩野博幸
譯者：林美琪
出版社：遠足文化
ISBN ：9789865080372

 ★購書方式★
1. 網路書店：https://taiwan.kinokuniya.com/bw/9789865080372

2.門市付款取書：請直接電話或親洽門市服務人員，或來信servicetw@kinokuniya.o.jp
紀伊國屋書店台北微風店TEL:02-27212304
紀伊國屋書店台北天母店TEL:02-28320406
紀伊國屋書店台中中港店TEL:04-23293086
紀伊國屋書店高雄漢神巨蛋店TEL:07-5528292

 3.宅配貨到付款：請連絡servicetw@kinokuniya.co.jp",1579271655,"/KinokuniyaTaiwan/photos/a.660709090609930/3078459502168198/?type=3&eid=ARCfjw3E6AXnAoEt1YjrnAtuzravxp26CB8SjHwC1kthrWNAtDctGZt512DnYGVRdfsh2VxIv4ns8GQk&__xts__%5B0%5D=68.ARAiG1UhPuHXeyThGAYCquqVVVpLAzOpdJQXQ2ILYZAR2djMJngFXb0K_8ncjtuTixi69QVtvBRcZh7CRIyC6pA0Haju4thi4buqQVn0Ci-bLbWNaKMD6zI19xoOMoRrqi-K_3YuC9igfRIxBItagJE9DZJhvWjbuTWKTH8NO8i1QpImhn5WUqcG6e8JX0IyUcr-2zOgYjQ_wCljf3Xcf5o3wQZKvICVk-rMrkT7vsglQyzIwNL_nsu3uXYzYUYs_l4lZ_ze0hT-ji_Xoxj_wVESGcuUSwIYi0oXbDgLSidWdBT8le937Mc4GSCUd6k5OhNPQQvUZvYwpkXnt3mcthQcPw&__tn__=EEHH-R","https://scontent-lga3-1.xx.fbcdn.net/v/t1.0-0/p526x296/78130703_3078459505501531_2161346801704108032_n.jpg?_nc_cat=100&_nc_ohc=pNwljgp7V2AAX823M__&_nc_ht=scontent-lga3-1.xx&_nc_tp=1002&oh=88f0274a743bcfef583d13ba3fa8d72b&oe=5E97E23B",undefined,"",""
"https://www.facebook.com/KinokuniyaTaiwan/posts/3158880324126115:0","1577091782","小時候，我就感到非常納悶，人怎麼會知道自己「將來要做什麼」。—— #坂本龍一

 國際知名音樂家坂本龍一第一部正式自傳。
坂本龍一親口描述自己的人生與音樂，從幼稚園的首次作曲體驗、對於嚴父的記憶、高中罷課、YMO的狂放歲月、《末代皇帝》的幕後花絮與榮耀、九一一恐怖攻擊事件的衝擊，以及全新音樂的成形經過。

 全書選錄自歷時2年又2個月的長篇專訪。附有許多珍貴的作者個人照片，讓讀者可更親近了解坂本龍一的成長歷程。

 《音樂使人自由（暢銷經典版）》
作者：坂本龍一
譯者：何啟宏
出版社：麥田出版
ISBN ：9789863447214

 ★購書方式★
1. 網路書店：https://taiwan.kinokuniya.com/bw/9789863447214

 2.門市付款取書：請直接電話或親洽門市服務人員，或來信servicetw@kinokuniya.o.jp
紀伊國屋書店台北微風店TEL:02-27212304
紀伊國屋書店台北天母店TEL:02-28320406
紀伊國屋書店台中中港店TEL:04-23293086
紀伊國屋書店高雄漢神巨蛋店TEL:07-5528292

 3.宅配貨到付款：請連絡servicetw@kinokuniya.co.jp",1579271655,"/KinokuniyaTaiwan/photos/a.647901465224026/3158880324126115/?type=3&eid=ARDurSJHrE6Bjg8Qd8XuKnTOX5KTbxqALIlfROwY0TIhRee8LxrwubB5myljh82XYh71AEYsims3xEJ2&__xts__%5B0%5D=68.ARB_alRCdrnmTAHP8lZSwX6hy_yPCKCJqyCWupiI9Mf8XVpLsTqIwFLAu3r6MLKaQzqJqd8PrMaPw0senpz2mhsJIIYVrgUwx7XsL1DZ5m56XfeJ2kzk5-0CXC7KLQ6SHr-a0FeH-udxAYXQ-J-n_SxS691Kp1zvM3PeGa2rrwEFrxiuE7I7MgbZuaBgG-kZbDB5ZRvzX8S_7usFCrNlXxdedmbWTJ_cinvWHQGXiSyR05I_6KhpabK7YZXQV-P0SHnyD_ZKmB0p6xSIyYT61U-OYXtyh0BUyZFTHxBvcUdFCLx_pcRR1ygIR6ri_VeuuRWus1rNYE88zfZCkHgsFJkPGQ&__tn__=EEHH-R","https://scontent-lga3-1.xx.fbcdn.net/v/t1.0-0/p526x296/80509061_3158880327459448_784330692619141120_o.jpg?_nc_cat=108&_nc_ohc=JOgM30jd7CAAX9I4YO6&_nc_ht=scontent-lga3-1.xx&_nc_tp=1002&oh=5f90200cb40ac2bfffd4713939acb276&oe=5E8E051E",undefined,"",""
"https://www.facebook.com/KinokuniyaTaiwan/posts/3081233945224087","1574319965","文具迷注意！！！
即日起到11/27(三)「紀伊國屋書店快閃店」在微風南山艾妥列4F，各式生活文具等大家來挖寶呦😍

 ★地點：微風南山艾妥列4F－紀伊國屋書店快閃店
台北市信義區松智路17號 (捷運淡水信義線台北101/世貿站 4 號出口)",1579271655,"/taiwanplus/photos/a.1496933470597892/2228228914135007/?type=3&eid=ARASV1FB4MdDMGcM57ldaYyz7EbkaazcgjZgPDnisn1u7teesu_Tz_JOi0rl0YRy02ylsL246yoNqntf&__xts__%5B0%5D=68.ARAG3CJU2kB-_mRC5UoKz8S00HtvnBSWNhESPe1CNjqO4XaDaki4I-SkDeru5ph23DaFZK5fQ73xYFUXHywRQoc4y2NxNETP5UJD0byytO7FvtGg__9pLA8pQ7I0KGMojdpwF6k94gtXCjZ1ys_krmASdoLsc2CLtEIjF2tPGmPVeVK4-wToflHPhSdnDcTpST7AKCZOYmoOjip5Dt5bTF9WVvnA33OWHtYcq7xXOVSH8b6WNty0d2XHPa1z5xk121KNcOiqt45C-ysntvS1oB26-4g1I5cMq5KsHZuSGOPJM9QeyO6IgP4D5AAxgybBN1Vnm1cxg0iA5u3pGe4pcr8F-o6tBYy-FsrlpLsFOeHOqkC_aPC5EBPvgUmpQmsP62VjetBNYhShJIFKXhkP4C6oXtrLTa5Kx1bMi5yy4YTZnORshhljtlQXAsTuKFxEvhm6LKgRWEKihDKGA0mYBHBT-KnA18FluIXzoe8RJKrEF34MlmbS-WUr1kcmWrInUsS2im4ZZjGIFLEIlprtpt5CC3oBfuOUD9IJkHCRhGG2KMDgYqV9d5Q4syFKNeu1ZRw55UQYmI6sH0Q&__tn__=EEHH-R","https://scontent.fosl1-1.fna.fbcdn.net/v/t1.0-0/p526x296/75567310_2228228917468340_3408493283125493760_o.jpg?_nc_cat=109&_nc_ohc=koBeqtvRLIMAX-SxL4A&_nc_ht=scontent.fosl1-1.fna&_nc_tp=1002&oh=b22b0dcdb7365a5260673a4be16359e3&oe=5E9E6948",undefined,"Taiwan PLUS台灣普樂士",""
"https://www.facebook.com/KinokuniyaTaiwan/posts/3200994186581395:0","1578618806","【Webstore 網路書店獨家】 

 1/10(五)~1/13(一) 全面85折！

 ✔活動連結 ：https://goo.gl/ooFWo7

 ✔活動說明 ：

 1.活動時間：2020年1月10日~1月13日
2.活動辦法：網路書店限定不含實體門市。活動期間購買商品即可享85折之優惠。實際優惠和台幣售價以系統顯示之優惠金額為準。 
3.本活動優惠限定指定之時間和商品，以系統顯示為主。 
4.單筆訂單若遇供應商售罄缺書、絕版或不發刊..等因素需取消時，若實際結帳金額未滿1000元者，仍需酌付100元運費。 
5.出貨以單筆訂單為準，無法合併多筆訂單出貨。由於活動出貨量大，實際到書時間約1~2週左右。預購商品出貨則視其實際發刊後到台灣再出貨之時間為準。 
6.若因無存貨需向國外或廠商訂購時，可能需時間等候，實際出貨時間將另行通知。商品若遇供應商售罄缺書、絕版或不發刊..等因素，請見諒必須取消該訂單。

 ※紀伊國屋書店保留取消、終止、修改或暫停本活動之權利。",1579271655,"/KinokuniyaTaiwan/photos/a.546079942072846/3200994186581395/?type=3&eid=ARBz2Sjul479rth6VXceSn2CmOHrqfQgEFm0ZcTxy536BClOdKI4tIdNe_PTAJDn-w-8GwKelooUBa4Z&__xts__%5B0%5D=68.ARAZSV77PO4O7MlmQDBl5ncyqIghaKZToiSoEDyg2kYYXzLOK84VL0nMJElMwAtDZEL8GIJW57z1pQwJXmNb1Yqmx6GSr1GDXLvf8fI0lg74-03mk029YHtGm5QcwEEagMnAY5xuC2UXPu6QlIr7O5Hfkl7_6GpNE0pgcP9zmfuoZPRPMfDJRuRQCbZ-m7EmAN-mud1tvm09tujCy8WoMZ-cdd0DOreJYHJIXarOYdTxg7BaFUOnzFAGHd7_Ci1s62GJ5ZZncUYvF9JfX4kqgjsZ79yWnNhCANX0nbLr1tgWuAQyH0whoq4btS_pCKvuaG9g8GZIiSpyBKDhRnek37GLNw&__tn__=EHH-R","https://scontent-frt3-2.xx.fbcdn.net/v/t1.0-0/s526x296/81960391_3200994189914728_1448854964733476864_n.jpg?_nc_cat=109&_nc_ohc=bU6HAUJ4NBgAX9ZgUkL&_nc_ht=scontent-frt3-2.xx&_nc_tp=1002&oh=4cf12369d983ad73564f3ad55a43f32f&oe=5E9CA50B",undefined,"",""
"https://www.facebook.com/KinokuniyaTaiwan/posts/3215748295105984","1579146156","1/25(六) 初一 ～ 1/28(二)初四 
KPC會員獨享書籍＆文具雜貨８折😍

 ※雜誌、特價品及部分商品除外／本優惠僅適用於門市，結帳時請出示會員卡方可享優惠。

 ✍️春節營業時間：
https://www.kinokuniya.com.tw/artical.php…

 ✍️什麼是KPC會員？
Kinokuniya Privilege Card （簡稱KPC），是紀伊國屋書店在台灣推出會員卡服務，提供會員專屬之優惠及服務內容>>> 
https://is.gd/hFhdjy

 ※本照片於微風店拍攝。商品進貨與庫存請以各店實際情況為準。",1579271656,"/KinokuniyaTaiwan/photos/a.722800927734079/3215747835106030/?type=3&eid=ARAS6RW2Tlno-VcblaH8SpHcJLcMW41bNrxYaRM65fMbg1U2hPejq9l_1KJQ1nXO5RB2eWzGrOSZgSdL&__xts__%5B0%5D=68.ARBa82upNfKT3CjKOxS5XPkgtIgZdtUppDAnq7w-RQWY01mx-lwW30jc1u0GmLxWwtVRvsqjdoxF_sTiTuvi7A3y8qwwtXDBW66j8mzD_plwyCSWn1D8VBNbmTmE036PT7gJbadZH0HZVm_D4CxgroWTAR6d2-wyuTfn21zjNDAoMcQSqTDDL2FTjvz5xFtbMH7L_s_HxYwQ5dicRL30OIVz1ATW8i2yUaaOELF_nHNDrounAqWnROMynsZPIFtGCxfoyNKsBBhiQbOGj3teZv4wXjAQfQoAAFlfPyVHjnxo6prRdx2Cuxly2jcioPli6NJEVaQirz3KOpmz9xOCMg_cCw&__tn__=EHH-R","https://scontent-sin6-2.xx.fbcdn.net/v/t1.0-0/p526x296/82283760_3215747838439363_5869947162246250496_o.jpg?_nc_cat=103&_nc_ohc=nWXjynwumxMAX-x3FBU&_nc_ht=scontent-sin6-2.xx&_nc_tp=1002&oh=571b8d7316ec97d0cf79d28a4fefc30f&oe=5E9E0A6B",undefined,"",""
"https://www.facebook.com/KinokuniyaTaiwan/posts/3125906804090134","1575872100","【Facebook電影贈票得獎名單】
恭喜下列5位幸運兒，每人可獲得【#添好孕】電影特映券2張，趕快傳私訊給小編喔^___^

 許淨梅 
翁嘉淇 
邱小民 
Cara Hsu 
Daniel Liu 

 ★★2019/12/16(一)21:00前，請得獎者以facebook私人訊息告知小編您的「姓名」始完成確認動作，逾期將視同放棄中獎權利。請於領票期間內至 
#紀伊國屋書店台北微風店 領票，逾期將視同放棄。為避免冒領情形並保護您的權益，領票請記得攜帶證件正本供門市人員核對「姓名」。謝謝。

 
★★2019/12/10(二)當日11:00起～2019/12/17(二)17:00止，開放得獎者至台北微風店領獎，逾期將視同放棄。為避免冒領情形並保護您的權益，請得獎者記得攜帶證件正本供門市人員核對「姓名」。謝謝。

 ★【添好孕】電影特映會：12/17(二)21:00@台北真善美劇院

 ※獎品由 天馬行空 提供
※基於個人資料隱私保護，請勿在本活動頁公開留下真實身分資料。
※本公司保留本活動內容變更之權利。",1579271657,"https://l.facebook.com/l.php?u=https%3A%2F%2Fyoutu.be%2FglKAvR5sd_8&h=AT10mql4rnqS2O6nFX33i4THpfyR2rybvrr8mF0K-8Upl8JuB2tCA1K5SPE-0HeWcBqxKZdSQpHl53ps02LcOKDjj8kgG7x_YnIztRU5fnOVdEtWyQ1HdeC2XShJejwhAI12xWSeAJm7M9ryD_6SIBNPnMYZ7PidsHr59oBP2wLXwwyISIaiK9W_IAck0e4V3vxlTQDCpaqfPgZvD4OALs_cv5DrMMQn2x_ti3JKgElZVx4Wcj9b29CQWwTMp2t1O22wZyV02_KoTmU8FHINNx_rMSg4uWm3UECWmzBcTRm0TZbzeYAoF9BPSMPlnTZKbWCboxGjWRZovAeVBYEz9XYnqAuEeH8wrRtNgM4ZGVY_i6DV8bgRAq11IHxNRGv3Z3uG9Ttk9o6i4Hw7HQjya7tDCLwEMvi6uQWMCKC3ewhYanA3YfUXIXQB592T0Lw2IsmT42_4cvrYrmwrqLtA2wiikgWQzelN4yJu7q7Ye3Tz3gf5vaiIkFo4-e4sGlxo3q-3jFXz2kw7m9ar3i6ABLVg5VH2RNSzL1stOXejMqq-dXCouz2xXhNwaiT0vlK27RXriMoJdE13ezMKuQRYYepEf6b442itV952H4IoHy12CXQ8Ty-PEIiYZpugglS4fX4YiG1CRQWY_AqR","https://external.fccm1-1.fna.fbcdn.net/safe_image.php?d=AQCxJ8YfMnD0K2L8&w=540&h=282&url=https%3A%2F%2Fi.ytimg.com%2Fvi%2FglKAvR5sd_8%2Fmaxresdefault.jpg&cfs=1&upscale=1&fallback=news_d_placeholder_publisher&_nc_hash=AQCrVMGrnytYewKT","Image may contain: one or more people and text","【不老交響夢】導演 細川徹 最新作品 【孤獨的美食家】松重豐 【原本以為只是手機掉了】北川景子 一起大笑，一起大哭，這就是「夫婦」 49歲的疋田（松重豐 飾）是暢銷人氣作家，雖然他的妻子幸子（北川景子 飾）年紀比.....","youtube.com12/20【添好孕】中文預告【不老交響夢】導演 細川徹 最新作品 【孤獨的美食家】松重豐 【原本以為只是手機掉了】北川景子 一起大笑，一起大哭，這就是「夫婦」 49歲的疋田（松重豐 飾）是暢銷人氣作家，雖然他的妻子幸子（北川景子 飾）年紀比.....【不老交響夢】導演 細川徹 最新作品 【孤獨的美食家】松重豐 【原本以為只是手機掉了】北川景子 一起大笑，一起大哭，這就是「夫婦」 49歲的疋田（松重豐 飾）是暢銷人氣作家，雖然他的妻子幸子（北川景子 飾）年紀比....."
"https://www.facebook.com/KinokuniyaTaiwan/posts/3185002748180539:0","1578040083","#門松（かどまつ）是日本新年傳統飾品之一，象徵吉利，並有迎神、避邪之意。

 掛上印有賀年門松、招財貓、富士山的日式布巾，營造濃厚的過年氣氛。

 ★販售門市★
紀伊國屋書店台北微風店TEL:02-27212304
紀伊國屋書店台北天母店TEL:02-28320406
紀伊國屋書店台中中港店TEL:04-23293086
紀伊國屋書店高雄漢神巨蛋店TEL:07-5528292

 （照片於微風店拍攝。商品進貨與庫存請以各店實際情況為準）",1579271657,"/KinokuniyaTaiwan/photos/a.510648495615991/3185002748180539/?type=3&eid=ARA7EkwzoCfbijGYxhKdyMpE-n0zOOOM4tH4u7-GQHCRVM56eqyjSx7yFNaYHIcsuANtn7Q-OHiTJesX&__xts__%5B0%5D=68.ARDLX8G2XXN3EmHEg1j15U4kZw7DATMUYHYu4Y2Ee9lzjpfkNrROOhJ_iTYZgUTsDLSU6G3ffqNvYdxf0GHHxkxAabZ531IpJ1jKEGBXgutegzd8xfog-whkvPuCqpVgDA90QuLlBwXSh8v5__RcmrLhb1KXy-3rIaqTfls-R42rVl8UceG5dHgdVSshuyWXTHeXsQ-Ni9NLwOFj82uphaMKgWbS4MCc8vC4ylAnZBGJJryh79k2Fs-bKFBqWxEvCftUSIKyfsCjbUVmU4YtAamV6VDiLRHr0afBDLPWBUBlcV8dcQVEnrEnHi1rYFjrg9edaYweDD56EcBwLRFuAOd97Q&__tn__=EEHH-R","https://scontent.fbom5-1.fna.fbcdn.net/v/t1.0-0/p526x296/80871178_3185002751513872_3829421290976968704_o.jpg?_nc_cat=106&_nc_ohc=JKSiz2T9UHYAX9Fwxqi&_nc_ht=scontent.fbom5-1.fna&_nc_tp=1002&oh=eb2cc254cf8e51b365ce8f2485cf26c1&oe=5EA5F3B5",undefined,"",""
"https://www.facebook.com/KinokuniyaTaiwan/posts/3126127510734730:0","1575879985","【Webstore 網路書店獨家】12/10(二) #日文漫畫 全面85折

 ✔活動連結：https://goo.gl/skrtBb

 ✔活動說明： 
1.活動時間：2019年12月10日 
2.活動辦法：網路書店限定不含實體門市。活動期間購買日本進口之漫畫書籍，即可享85折之優惠。實際優惠和台幣售價以系統顯示之優惠金額為準。 
3.本活動優惠限定指定之時間和商品，以系統顯示為主。 
4.單筆訂單因缺書、絕版等因素需取消時，若實際結帳金額未滿1000元者，仍需酌付100元運費。 
5.出貨以單筆訂單為準，無法合併多筆訂單出貨。由於活動出貨量大，實際到書時間約1~2週左右。預購商品出貨則視其實際發刊後到台灣再出貨之時間為準。 
6.所訂購之書籍若因台灣無存貨需向日本訂購，需時間等候或可取消該單，實際出貨時間將以郵件通知。商品若遇日本供應商缺書、絕版或不發刊..等因素，請見諒必須取消該訂單。
※紀伊國屋書店保留取消、終止、修改或暫停本活動之權利。

 #漫畫 #日本漫畫",1579271658,"/KinokuniyaTaiwan/photos/a.546079942072846/3126127510734730/?type=3&eid=ARAekr34q1tpXb6hV0StWN4hKq3fivExG8_hn4hMYDW1poTuMpdU4quodIxZr9FbxcxLLcj6MJ8d7DY5&__xts__%5B0%5D=68.ARAWDFcXrLoePEHm6vs0QjCKJyOImQbw4n7GEDqqWd8dgBZKedQ6id1QAWf9eNya6BCbcBuwzZomgHX2VX85c1mPWCwYO0TtXnTDdQuh1Y8q-aXhF5It2d557c_NMLa6kz8LJEewL_mwmOgRN61HdG-vTnFtoS3OyZoIz9a-oFQKxk__QaAN8Niom9tAgYRRULPnN_wqutU62eXo1eaAzsuf_ffxqpjgqkVksz1QpVBYAFYEytgTEJbu6bA43VJP3HsK9T1wOPuvXivHrD7znbm-zAK7tJTK_JZ-5xI9Dv-eh_B0HNYZ5B12QPn83WuqQz1dfjiI4VKxndcvmvc7Aoz9iQ&__tn__=EHH-R","https://scontent-yyz1-1.xx.fbcdn.net/v/t1.0-0/s526x296/78673555_3126127514068063_1547705861843976192_n.jpg?_nc_cat=111&_nc_ohc=lWah7k9EN-EAX8FlbX-&_nc_ht=scontent-yyz1-1.xx&_nc_tp=1002&oh=388d93ebc024deec09190f99debcedfe&oe=5E90E5B2",undefined,"",""
"https://www.facebook.com/KinokuniyaTaiwan/posts/3191676747513139:0","1578276727","多年來，我們已經太習慣雖然有時陰鬱，卻也始終溫柔、敦厚的 #宮部美幸，然而她其實還有著你從未見過的那一面。

 七篇荒謬、詭異、諷刺的故事，宮部美幸至今尚未讓你見到的那一面，盡在其中。

 《地下街的雨》
作者：宮部美幸
譯者：王華懋
出版社：獨步文化
ISBN ：9789579447584

 ★購書方式★
1. 網路書店：https://taiwan.kinokuniya.com/bw/9789579447584

 2.門市付款取書：請直接電話或親洽門市服務人員，或來信servicetw@kinokuniya.o.jp
紀伊國屋書店台北微風店TEL:02-27212304
紀伊國屋書店台北天母店TEL:02-28320406
紀伊國屋書店台中中港店TEL:04-23293086
紀伊國屋書店高雄漢神巨蛋店TEL:07-5528292

 3.宅配貨到付款：請連絡servicetw@kinokuniya.co.jp",1579271659,"/KinokuniyaTaiwan/photos/a.660709090609930/3191676747513139/?type=3&eid=ARAZZ6BZbANbYu-drW8mOVPUTcbxrFaIdh7y_4wQQrmR1mVoj9G6j37nFUMxHmrrFRMDQKXz-WYwNBg0&__xts__%5B0%5D=68.ARAg_y5081gJ-jEYSozwmQEY-bFCHxvRFikDFrzVLdmcaMh4ZtypZNlIlOrqrodk4I-TF3SEiQgjMGwirJyQiASArVWsLkijHQ2pi4NSaE8UQy62znfR-ndTW6R7s334bzdx96it0m9VGONL9KqCK15ZnWdyknfeeKi832vA_Et6dN7tCIwvFv1sysgEzKJtUWwRVQ_5gEFeNILWeQlmdUz9nUsKYfcRf0rvFjpvc26lnQJ8hI0_NNoawHp0P5Sj7seYa2Nw0Bq_KRdL8Zm_ZfeePZUgpi6TMBoJ9LZhOru3dxl4Kc3Hh_2a5sD0Q0oGfdMtQfz_h9kxJGNTnOOyztqnaQ&__tn__=EEHH-R","https://scontent-sin6-1.xx.fbcdn.net/v/t1.0-0/p526x296/81647901_3191676757513138_7811849623642832896_o.jpg?_nc_cat=106&_nc_oc=AQkkGe9itpr1begVY7qLyGsT-syoTpplk1pyqaN-nfCW2zBXJjh7OliVBHZ4La7cuE0&_nc_ht=scontent-sin6-1.xx&_nc_tp=1002&oh=3f50c79d1a20adca697c6bae889b1aa4&oe=5E9D7A20",undefined,"",""
"https://www.facebook.com/KinokuniyaTaiwan/posts/3128224020525079:0","1575954828","OWNDAYS X 紀伊國屋書店

 很難想像日本眼鏡品牌 #OWNDAYS 十年前曾面臨倒閉危機。現任社長 #田中修治 
於2008年買下公司時才30歲，其獨特的領導哲學及創新經營模式讓公司轉虧為盈，分店拓展至世界。田中社長將企業再生歷程撰寫成「破天荒フェニックス－オンデ−ズ再生物語」一書出版，在日本造成話題。現在竟然也要翻拍成電視劇了，將於2020年日本新春在朝日電視台播出喔！

 歡迎台灣讀者透過閱讀了解OWNDAYS社長田中修冶的創業故事！

 ★2019/12/10(二)起，凡於 #紀伊國屋書店 購買指定書籍１本，即贈「OWNDAYS 500元眼鏡折價券」１張。（限量送完為止）

 ★指定書籍：
破天荒フェニックス－オンデ−ズ再生物語／ISBN: 9784344033504／台幣688元
破天荒フェニックス－オンデ−ズ再生物語 （幻冬舎文庫）／ISBN: 9784344429161／台幣378元

 ★活動門市：
紀伊國屋書店台北微風店（微風廣場5F）TEL:02-27212304
紀伊國屋書店台北天母店（大葉高島屋百貨4F）TEL:02-28320406
紀伊國屋書店台中中港店（廣三SOGO百貨12F）TEL:04-23293086
紀伊國屋書店高雄漢神巨蛋店（漢神巨蛋購物廣場6F）TEL:07-5528292

 ※OWNDAYS 500元折價券由 OWNDAYS Taiwan 提供，使用方式請以券上載明為準。
※本公司保留本活動內容變更之權利。

 Owndays 再生物語 
#破天荒フェニックス 
#日文書",1579271659,"/KinokuniyaTaiwan/photos/a.245896895424487/3128224020525079/?type=3&eid=ARDwxlBA7heZHEO_67jjFAHVrhxNIMQuGJWzZ_7Ft0iOO6iHBGpJx4OZpM9N4vbrk9oacAbzLvWqg0ss&__xts__%5B0%5D=68.ARAk-mbNh5s0pM5UMX2TS3gnxEGiW8L1oYHC13aMgk3FnynAHarAdi11MysPYjI1Qw66YJV2f35A4XR_c-iY5h1YmZBb-666J2SgdDF6SVMV1Pu6rFMs7vAEBcDS6kGDE9Z5kdwCJJuBox_h8oor0pqRkCIKf4znzUN4PnH8h4eDHGs-ubA8U9dlZ215iXkE-7yxSurLPXYG4Q6XFnQ8RHvzXMl9_nv8C4pKzpoGOvLl2c12xFMh7LntC1dgPpCoddZgWO2DghNIPfn1_ggyiQAQr1Oph-M73K7lf-PWnWyjEAcsrbd3oXoitdOXVunr1rqhUb7cbJJwO8et54wGrely7A&__tn__=EEHH-R","https://scontent-bos3-1.xx.fbcdn.net/v/t1.0-0/p526x296/79119722_3128224027191745_1551046800939417600_o.jpg?_nc_cat=104&_nc_ohc=Jlwi2GrG8nwAX9SCUdg&_nc_ht=scontent-bos3-1.xx&_nc_tp=1002&oh=04855e9e5dd51a3e8bd60316d83ac6b2&oe=5E94B4F1",undefined,"",""
"https://www.facebook.com/KinokuniyaTaiwan/posts/3110867595594055","1575356219","【Facebook電影贈票得獎名單】
恭喜下列5位幸運兒，每人可獲得【假面騎士ZI-O Over Quartzer】電影首輪交換券2張，趕快傳私訊給小編喔^___^

 葉仁豪 
華英傑 
Colulu Wu 
黃震暉
陳奕嘉 

 ★★2019/12/15(日)前，請得獎者以facebook私人訊息告知小編您的「姓名」始完成確認動作，逾期將視同放棄中獎權利。請於領票期間內至 
#紀伊國屋書店台北微風店 領票，逾期將視同放棄。為避免冒領情形並保護您的權益，領票請記得攜帶證件正本供門市人員核對「姓名」。謝謝。

 
★★2019/12/4(三)當日11:00起～2019/12/15(日)21:00止，開放得獎者至台北微風店領獎，逾期將視同放棄。為避免冒領情形並保護您的權益，請得獎者記得攜帶證件正本供門市人員核對「姓名」。謝謝。

 ★12/13(五)起至下檔止，請持【假面騎士ZI-O Over Quartzer】電影首輪交換券至上映影城售票處劃位，詳細使用規範請以券上載明為準，謝謝！

 ※獎品由 MUSE木棉花 提供
※基於個人資料隱私保護，請勿在本活動頁公開留下真實身分資料。
※本公司保留本活動內容變更之權利。",1579271659,"https://l.facebook.com/l.php?u=https%3A%2F%2Fyoutu.be%2Fe_Xgf_3dldI&h=AT1khVOW7qB6lt0JIyhNwngeSQ9vAM3kfidCAmnftMWJ9z2XuLUFCJy6rY0pzL2EgAsxXc--ktQBvmuiszc60W8iRquX7D7pCLF0kmCa5C-3jUIS97QSaH4KTQeIq0gyUr69p2Bj6dyNL7aMK6YBTB1CyrQRQHt-Ad8qyJV9gBH4T0seQyeZtWue0Y3oS3ncZe3_bQwY8ed6vEVPAlmSOZC-FifHTr6-hNaOmIYDXIeMhKrnK8w1fsV6zo55SpSMPjZ1JJR_isiCgKJDS_s0SuVxRxj5UNfXApmFX2v1Sdjka3zFtHMgNq7il8q7JDvOMl6CMn-4q2CEQZ-npagZ0BfobD_Ov6ejIUlLMg0-CtcoOH_ALbhaa_T-J59quUYIIgMPFRUWiaKpcQ3iU7TmyRsN0Eq7AwITUKWFWoNMYOn7gmdxH11E7_zJk2Uub3a9PnUuO-rMhm5cT36WRJRO5SDgQQ4Kf759COUsc4AvyjDiV8I4PBIYhuTlqXxnnYr9ss-Xvv0gvf5oVS1dGc4Ckhn5UmcQc6moj5y_kaYY9Vmudbk7eoAm25Gsr1ljwECHHmiV9bTc5N69u6qWJ9DxNBYG18F9QWn4e7OjQu3YPJQVFh_4bJu9EeRg7C2e6fJDZduQhh1t_kl0pODi","https://external-sin6-2.xx.fbcdn.net/safe_image.php?d=AQDB9OPR9Z4ARmB_&w=540&h=282&url=https%3A%2F%2Fi.ytimg.com%2Fvi%2Fe_Xgf_3dldI%2Fmaxresdefault.jpg&cfs=1&upscale=1&fallback=news_d_placeholder_publisher&_nc_hash=AQDGFjSufxWJqPrg","Image may contain: one or more people, child, text and closeup","2068年，少女月讀為了改變未來，藉由時光機器回到了2018年的秋天，到達夢想為王的主角常磐莊吾身邊。少女如此向莊吾述說著：「在未來，有位魔王君臨於世，帶給人們痛苦，創造出一個沒有希望的世界，而未來的你，終將成....","youtube.com假面騎士劇場版ZI-O Over Quartzer 12月13日威秀影城 中日文版同步上映!2068年，少女月讀為了改變未來，藉由時光機器回到了2018年的秋天，到達夢想為王的主角常磐莊吾身邊。少女如此向莊吾述說著：「在未來，有位魔王君臨於世，帶給人們痛苦，創造出一個沒有希望的世界，而未來的你，終將成....2068年，少女月讀為了改變未來，藉由時光機器回到了2018年的秋天，到達夢想為王的主角常磐莊吾身邊。少女如此向莊吾述說著：「在未來，有位魔王君臨於世，帶給人們痛苦，創造出一個沒有希望的世界，而未來的你，終將成...."
"https://www.facebook.com/KinokuniyaTaiwan/posts/3110800355600779:0","1575353520","【Webstore 網路書店獨家】
單筆購物滿500元 免運費!

 ✔活動連結 ：https://goo.gl/ooFWo7

 ✔活動說明 ：

 1.活動時間：12/3~12/5
2.活動辦法：網路書店限定不含實體門市。活動期間購買商品單筆滿500元，即可享免運費之服務。 
3.單筆訂單若遇供應商售罄缺書、絕版或不發刊..等因素需取消時，若實際結帳金額未滿500元者，仍需酌付100元運費。 
4.出貨以單筆訂單為準，無法合併多筆訂單出貨。由於活動出貨量大，實際到書時間約1~2週左右。預購商品出貨則視其實際發刊後到台灣再出貨之時間為準。 
5.若因無存貨需向國外或廠商訂購時，可能需時間等候，實際出貨時間將另行通知。商品若遇供應商售罄缺書、絕版或不發刊..等因素，請見諒必須取消該訂單。

 ※紀伊國屋書店保留取消、終止、修改或暫停本活動之權利。",1579271660,"/KinokuniyaTaiwan/photos/a.546079942072846/3110800355600779/?type=3&eid=ARAebutY_7B_gGvy6O1oFsmfhltP-h9gUCwWg1LiuDYlKhMJEQRD_iol1rwdgGr47y-4t7EbQMlsWd8Q&__xts__%5B0%5D=68.ARCsX6DMa5K-6nsIkA6KzjvHV43_AC1DlMPQGakCoLsMPOOpQuGq-KNNgc6hXH21WWochfk5ezv3xKS50MBdGq7MlTGJHfJg9Frhe8yHpG-gNQxhLVO0bqmlrruLHPkthq4XmM-Ar80OeBu0gqj-9I5yuj-PeApJU6AWXenYrvzV61NtoMcej26ftHbpgMax2IBfmV0TalxtHiMPqlEcH2xeCIo-6jLCcAlETspkB-PBRl7cv8sqMOaTGhmXUXOPNwBF78B8IAY9RkHeils8fJGoloF4mKKoG_7im3_jxZRKRG95MEpFzlcbXLwobykaw0AMsz0VdtmOBVa6_xv6g18UWg&__tn__=EHH-R","https://scontent.faru1-1.fna.fbcdn.net/v/t1.0-0/s526x296/79090918_3110800358934112_7771202641564008448_n.jpg?_nc_cat=100&_nc_ohc=kAuDPxorKxEAX9j6IxJ&_nc_ht=scontent.faru1-1.fna&_nc_tp=1002&oh=8fa03354654a41d71dfe19112e8fd747&oe=5EDA0E11",undefined,"",""
"https://www.facebook.com/KinokuniyaTaiwan/posts/3113204102027071:0","1575431864","【Webstore 網路書店獨家】12/5(四) 日文文庫•新書全面 85 折

 ✔活動連結： https://goo.gl/86B9WM
✔活動說明： 
1.活動時間：2019年12月5日 
2.活動辦法：網路書店限定不含實體門市。活動期間購買日本進口之文庫•新書書籍，即可享85折之優惠。實際優惠和台幣售價以系統顯示之優惠金額為準。 
3.本活動優惠限定指定之時間和商品，以系統顯示為主。 
4.單筆訂單因缺書、絕版等因素需取消時，若實際結帳金額未滿1000元者，仍需酌付100元運費。 
5.出貨以單筆訂單為準，無法合併多筆訂單出貨。由於活動出貨量大，實際到書時間約1~2週左右。預購商品出貨則視其實際發刊後到台灣再出貨之時間為準。 
6.所訂購之書籍若因台灣無存貨需向日本訂購，需時間等候或可取消該單，實際出貨時間將以郵件通知。商品若遇日本供應商缺書、絕版或不發刊..等因素，請見諒必須取消該訂單。

 ※紀伊國屋書店保留取消、終止、修改或暫停本活動之權利。",1579271660,"/KinokuniyaTaiwan/photos/a.546079942072846/3113204102027071/?type=3&eid=ARC1hO9lElv86xv5blGQXetmBYEFBMER1_5NtB1J-vm1l05GLszSuuWTeaAVN8elxXLKNrOZtYTgqIUn&__xts__%5B0%5D=68.ARBw7Amp_NyhywXpRS122QMlZo7iN283Qgus1x-uur_a6cXEjMdIGiAemtzReJPaugWkqjZeyovsI7PRCgaTH1Axr1mIuDgfXkZjDrUH3AIq0MQhEmz7yb9g849I6JVl44UnsJwFEg-yIfLWxj0XmZ9rsW57GJcVixNSD-Zhz7f1Kmg0chTGG1eYnh_gw8AaIMSS9cMF1gDDkhW31ImNYQR3IeSmeLsO31Jo4sL-rboTrC7SSjAY12Pm0ObESNtcl-UsXLSzd0yERSNsv3cwzSUlYh60QTLcLwyQQvooSBEE8sC665nPye2Q5TnGoZFNQ87e-B7eYfTkfMF7Sfz-lyqVNQ&__tn__=EHH-R","https://scontent-sin2-2.xx.fbcdn.net/v/t1.0-0/s526x296/79030493_3113204105360404_9056918440404582400_n.jpg?_nc_cat=108&_nc_oc=AQn4BOvzCQvv1Xalgx5xCuLYzbP7cTAWJ7bK9yfIoPRu4qGOOP1rNm50Zu1Qe_3WotQ&_nc_ht=scontent-sin2-2.xx&_nc_tp=1002&oh=3ffdb759b4e8186866e0492c5e9bfd71&oe=5E8D4D84",undefined,"",""
"https://www.facebook.com/KinokuniyaTaiwan/posts/3098926470121501","1575084625","【全台門市-電影贈票活動】 #每個月來訪一次的月經醬

 改編自網路點擊超越2000萬的日本超人氣漫畫《#生理ちゃん》、手塚治虫文化賞短篇獎得主 #小山健 的作品，廣大女孩共感度No.1壓倒性支持！

 關於每個月的那幾天，焦躁、痛苦、疲倦不堪…，女生的煩惱全都看在『月經醬』的眼裡，她有辦法給女生們帶來勇氣和力量嗎！？電影將於台灣12/13(五)上映！

 ★12/1(日)起，凡於紀伊國屋書店購買《生理ちゃん》日文原著１本，即贈電影交換券２張（限量，送完為止）

 ★活動門市：
紀伊國屋書店台北微風店（微風廣場5F）TEL:02-27212304
紀伊國屋書店台北天母店（大葉高島屋百貨4F）TEL:02-28320406
紀伊國屋書店台中中港店（廣三SOGO百貨12F）TEL:04-23293086
紀伊國屋書店高雄漢神巨蛋店（漢神巨蛋購物廣場6F）TEL:07-5528292

 ※12/13(五)起至下檔止，請持【每個月來訪一次的月經醬】電影首輪交換券至上映影城售票處劃位，詳細使用規範請以券上載明為準，謝謝！

 ※電影交換券由水元素文創 、希望行銷提供
※本公司保留本活動內容變更之權利。",1579271660,"/KinokuniyaTaiwan/photos/a.722800927734079/3098925586788256/?type=3&eid=ARA4nl73aeN0vOkctdJDPdTllZ2hWXYNP3IpSV-OXATt8RDv_-kh33uf1NfJQ8sVIG0Nu8aUiQfU8Xi8&__xts__%5B0%5D=68.ARBKCrDC0rk-fLjLKj_fZ164a4I8sUNJak7wfzEd8JJJbSPcXNxfxZVuw7nI18qk-wIEhql6cJK7WM_W4jmyVO8qenYWeoNjGYjhys3EHew4lqIHaIxrY4oJlLpDfsyNGGuZYlS2LZO6w9aj9Akdx6syRlWA6AI82ID4VfB5SzPgLWwI1bOABI7e1PLDZJzOX2-A1HHEV2DfwjiFEEOXGMeyfM6kDIG3O4LS9yIA_iLDY5V987duLm-LwKh__ZkxRYWWFiDQajzod_cmO9pMsP1_AeUxOLu4QsupSKvvEszWjnwSY_c76WgPxaUYpwrO0YqOR041t4orUMVJc_ZEwlKjMQ&__tn__=EEHH-R","https://scontent-sin2-2.xx.fbcdn.net/v/t1.0-9/s720x720/77197308_3098925593454922_743513123029254144_o.jpg?_nc_cat=102&_nc_ohc=M31iHWVD_5sAX-7g8Cn&_nc_ht=scontent-sin2-2.xx&_nc_tp=1002&oh=9922658907934831a408fde262f99768&oe=5EA1A27A",undefined,"",""
"https://www.facebook.com/KinokuniyaTaiwan/posts/3144929292187885:0","1576564813","#錢湯 該怎麼使用才不失禮？
圖文全教學好安心

 白湯、黑湯、電氣澡池又是什麼？
特色錢湯介紹讓人去了還想再去

 
本書收錄精心挑選的24座錢湯，每座錢湯都以比例精確的建築等角透視圖呈現，內部設施、湯池大小、整體設計，全都一覽無遺。手繪風格加上水彩上色，畫風清新自然，入浴的人們姿態靈動又逗趣。除了常見的白湯、黑湯，還有只給單獨一人享受的丼湯，湯色像晴空塔一樣會不斷改變的晴空塔澡湯，以及口味獨特的冬蔭功澡湯等。另外搭配專文介紹錢湯的特色，希望能讓大家明白全身心都感受到幸福的錢湯魅力。

 印刷說明：
本書內頁採用進口映畫紙，觸感溫順、發色自然鮮明，襯托出日式風情。
書衣選用有「美術紙王」之稱的日本竹尾新浪潮，手感細緻，質感絕佳，展現出絕妙的錢湯文化。
內封則是由自帶若隱若現水波紋的儷紋紙，彷彿水氣氤氳躍於紙上。

 《錢湯圖解》
作者：塩谷步波
譯者：李韻柔 
出版社：漫遊者文化 AzothBooks 
ISBN ：9789864893720

 ★購書方式★
1. 網路書店：https://taiwan.kinokuniya.com/bw/9789864893720

 2.門市付款取書：請直接電話或親洽門市服務人員，或來信servicetw@kinokuniya.o.jp
紀伊國屋書店台北微風店TEL:02-27212304
紀伊國屋書店台北天母店TEL:02-28320406
紀伊國屋書店台中中港店TEL:04-23293086
紀伊國屋書店高雄漢神巨蛋店TEL:07-5528292

 3.宅配貨到付款：請連絡servicetw@kinokuniya.co.jp

 #錢湯圖解 #銭湯図解 #塩谷歩波 #日本旅遊#日本文化",1579271660,"/KinokuniyaTaiwan/photos/a.647901465224026/3144929292187885/?type=3&eid=ARCk7yBjQLa4QEefEFuOEwQnsd9LIjI7q_MAXwuhypyTocppv1FxWGKGFZ2yXaqbJdnvdiaY_2nr5toz&__xts__%5B0%5D=68.ARB__Od7Vn4hrDbSTT6njr2EElh4SGH_sjjTXhJ5X4ExnChMes_iBCxkhlMsRNj226dGchTVRZaM9zCHDQFg4SYKMdZjAAI0Hb2nsCziRbVvVwZuCF1NyqQoO8r9h9pL8584uxfgUhgaF1gMv2t4bl03eZ29mCdEXRL3qtZCnfSSz7-oI-M8zBDTsUDR6JCyD9yKcXnlFz1XV9u9UjLaWddW1K9FlXKlF7qPAh3KXpXSyKATGPacwEIz1qQcgkRhyr3e4Z6z2R1d0uCTMTjzu6ML0v7XduqEA7pdgrL4D73a8CRBjdqnEyaJNvG2oaf9flr3v3RGHUH6xSSSYjF1LXbHag&__tn__=EEHH-R","https://scontent-sin6-1.xx.fbcdn.net/v/t1.0-0/p526x296/79756895_3144929295521218_2268464269613858816_o.jpg?_nc_cat=109&_nc_ohc=zITcc94zkkMAX8vALXA&_nc_ht=scontent-sin6-1.xx&_nc_tp=1002&oh=5a1bf08c01126ca290b58d8972abbb9f&oe=5ED54D13",undefined,"",""
"https://www.facebook.com/KinokuniyaTaiwan/posts/3083688198311995","[Error]: TypeError: Cannot read property 'attribs' of undefined","",1579271660,undefined,undefined,undefined,undefined,undefined
"https://www.facebook.com/KinokuniyaTaiwan/posts/3149255098421971:0","1576727079","日本妖怪界研究者 #湯本豪一，首本中文繁體書上市！

 到日本「湯本豪一紀念日本妖怪博物館」前必看的一本攻略書！
收集超過3000種日本各個歷史以及地區的繪卷、錦繪、版畫、和服、印籠、腰帶、根付、餐具、玻璃幻燈片、武器以及近代的海報等等，從其中找尋最具獨特個性的妖怪們，編成這部經典
 #日本妖怪 大圖鑑！

 
湯本豪一 今昔妖怪大鑑（經典入門）
作者：湯本豪一
譯者：蘇暐婷
出版社：三采文化Suncolor
ISBN ：9789576582585

 ★購書方式★
1. 網路書店：https://taiwan.kinokuniya.com/bw/9789576582585

 2.門市付款取書：請直接電話或親洽門市服務人員，或來信servicetw@kinokuniya.o.jp
紀伊國屋書店台北微風店TEL:02-27212304
紀伊國屋書店台北天母店TEL:02-28320406
紀伊國屋書店台中中港店TEL:04-23293086
紀伊國屋書店高雄漢神巨蛋店TEL:07-5528292

 3.宅配貨到付款：請連絡servicetw@kinokuniya.co.jp",1579271661,"/KinokuniyaTaiwan/photos/a.647901465224026/3149255098421971/?type=3&eid=ARA3CjwIn2zDnks6Ir_LlTok1lCYh1zKQhMu0deCYe8A9396dQJQLPa-70xrMZ-AdVSd5o___nZR9oED&__xts__%5B0%5D=68.ARDm91tnD18NxMzMWCPfUpqk1PJBgHXFVzpzpOSshrx9W88lfPQK3ED6lAYkLEDxIXXmUWLYqLPHnB4Ef2MlSZ-27HadorSvSNoEF5tibVYyBJkXK5PlYGT5pgyVUD6BX0lHneoYSjA5d0zq3nORpxcQO6qjbnBjE2-SgolAMDIjQ_CIIf60UZijsObBSTW0h1tf1gSSh4rwxYvv8iDcA3GhKfDxkXwG2O_fmW-w_hz74cizG4FZZHdAel10FavvQjw8sVod9ecXlfW_YqM7bGH_IB3bBRcxEvgODCD3xPVEBND4oJpipIbHjApUnuRh642UrvPclMV2s1fBP-A644jIdQ&__tn__=EEHH-R","https://scontent.fbkk7-2.fna.fbcdn.net/v/t1.0-0/s640x640/79752243_3149255101755304_1815466797525106688_o.jpg?_nc_cat=109&_nc_ohc=ToPXJ0rMxvwAX-ULIZy&_nc_ht=scontent.fbkk7-2.fna&_nc_tp=1002&oh=ff2f55f04f7ed06c3c5379a608ac4fd6&oe=5E97B7EE",undefined,"",""
"https://www.facebook.com/KinokuniyaTaiwan/posts/3078728362141312","1574229245","最近的天氣好容易賴床呀😴
別忘了，本月會員日還有兩天喔！

 ★11/23(六)~11/24(日)KPC會員獨享書籍＆文具雜貨8折（雜誌、特價品及部分商品除外／本優惠僅適用於門市）

 ※結帳時請出示會員卡方可享優惠，謝謝。

 紀伊國屋書店台北微風店TEL:02-27212304
紀伊國屋書店台北天母店TEL:02-28320406
紀伊國屋書店台中中港店TEL:04-23293086
紀伊國屋書店高雄漢神巨蛋店TEL:07-5528292",1579271661,"/KinokuniyaTaiwan/photos/a.722800927734079/3078728068808008/?type=3&eid=ARDb1DGg_k8gRdoGSlsMMm56vET7IFAS3ifh5vCKVQ700LgfwCcGYNQBkHz9Y_helsEg5LDfr1j8jmA9&__xts__%5B0%5D=68.ARAs_C1EP5EOBBFERXQ5N4kVG_4tTYz4GLEVNeytyrpgk_-1wNBi9JbYaeK3FgdzA0Me-ZlEfIhiBILxxGcbBFz5-lm6UzqvLo_sy9hwTQPFI_Wdi9G20J_9oIgOLq9xGzQiA1H-KDS7j-V83QmpM4Rddb-A9D-k9WMPKl-wc1EiLp_uaAs_Tk01QtSn_Op_8CZOQYp9JsFtUVUO8QtRbUrCpt5efO5L3wQo3QOsbKtV1e8dufGN_kEFW93H-u94xyvtpLPA3kRrQVhADhFVf2vOAJyYsJ_YlzjeHu8I1E6xK8OJ8BHTWAx7ZR-C2zq_jQADZsCZlNirvd6t1rxH4a-7lA&__tn__=EEHH-R","https://scontent.fhel4-1.fna.fbcdn.net/v/t1.0-0/p526x296/76689078_3078728075474674_7348578040026234880_n.jpg?_nc_cat=104&_nc_ohc=RXle1WNUaYkAX-dEiYl&_nc_ht=scontent.fhel4-1.fna&_nc_tp=1002&oh=9e26b5e310fab64c41578078822c9d8c&oe=5E9617DA",undefined,"",""
"https://www.facebook.com/KinokuniyaTaiwan/posts/3193968080617339:0","[Error]: TypeError: Cannot read property 'attribs' of undefined","",1579271661,undefined,undefined,undefined,undefined,undefined
"https://www.facebook.com/KinokuniyaTaiwan/posts/3108077972539684","1575255171","#2019Openbook好書獎書單 獲獎書單正式公布！

 台灣每年出版近4萬本新書， Openbook閱讀誌 經過層層篩選，從中遴選出4大類各10本最值得紀念的好書。

 😃一起來看看2019年度好書 >>> https://taiwan.kinokuniya.com/events/584

 #Openbook好書獎 #年度好書 #閱讀",1579271663,"https://l.facebook.com/l.php?u=https%3A%2F%2Ftaiwan.kinokuniya.com%2Fevents%2F584&h=AT0tEjKDbySqn0JCfKJSSBY1C9XN0u754jaiGgVgn-QuGebRtisZhXQmFStx0M4jLtyZrJXeceb2fzeCqjuXn4obslndUT968t49h-uyq49I_SCDDISXC9X2WPa9i6vObqHm5DEgBAC9U1zQSOKmLmPWlHVHDTGuthoDpdREXcrFXWMtnii4reiRE3QlZrLKQyFg38zezg942A5N_5on-TQjZNqldFjfkOEhLbgfoGXVq7BVxPDdqv-uOjwYBWWmwZEnUkpjAedkgC3z1O-JeF_Cic0-qKtXF6_Mhk6cgiKQj9yL4uHkzo80J7Jron57xPDVh4pPlhC4xz-CrbWG9_5EqbZIcuPOa7DcO-Yqks6JAtpk-BoGIUtcUiIr_1DmSp30qG-E2rQcpLEZVOwAPWqcYZHbcAA6n52wmi5nNmQZ4MS6oMlzcWle40QsWRYMEVkrRszI3agO_Nu71wMBNNtdzl-aIjxWa-4VBru70bHrwQnrM7DiDclG8WEsREB7npnoNlvh9B6Az053_9lQYROgUMnstx3jcQboQkI6WUr3yR7FKGcmf4VVpEpteV13HNG3e6mxaBiT3TIKnI3lA1xbD7ShDZVK2qZxzzgRCRkDQuCHHLH7mbZA1xMteXPiiH1D75Dn3JuN_Lyc","https://scontent.fbkk10-1.fna.fbcdn.net/v/t39.2147-6/c0.16.540.282a/p540x282/79870106_459055978133035_635704977133666304_n.jpg?_nc_cat=105&_nc_ohc=c9TyojJMSDEAX-7i4o7&_nc_ht=scontent.fbkk10-1.fna&_nc_tp=1003&oh=4fed966f766fff9889b33e052ad2db3f&oe=5ED25A6F",undefined,"★閱讀大使紀培慧與您捕捉知識的無限可能","taiwan.kinokuniya.com【2019 Openbook 好書獎】獲獎書單11/30(五)正式公布！ - 紀伊國屋書店（台灣）網路店★閱讀大使紀培慧與您捕捉知識的無限可能★閱讀大使紀培慧與您捕捉知識的無限可能"
"https://www.facebook.com/KinokuniyaTaiwan/posts/3135323633148451:0","1576208222","【Webstore 網路書店獨家】 

 12/13(五)~12/16(一) 全面85折！

 ✔活動連結 ：https://goo.gl/ooFWo7

 ✔活動說明 ：

 1.活動時間：2019年12月13日～12月16日
2.活動辦法：網路書店限定不含實體門市。活動期間購買商品即可享85折之優惠。實際優惠和台幣售價以系統顯示之優惠金額為準。 
3.本活動優惠限定指定之時間和商品，以系統顯示為主。 
4.單筆訂單若遇供應商售罄缺書、絕版或不發刊..等因素需取消時，若實際結帳金額未滿1000元者，仍需酌付100元運費。 
5.出貨以單筆訂單為準，無法合併多筆訂單出貨。由於活動出貨量大，實際到書時間約1~2週左右。預購商品出貨則視其實際發刊後到台灣再出貨之時間為準。 
6.若因無存貨需向國外或廠商訂購時，可能需時間等候，實際出貨時間將另行通知。商品若遇供應商售罄缺書、絕版或不發刊..等因素，請見諒必須取消該訂單。

 ※紀伊國屋書店保留取消、終止、修改或暫停本活動之權利。",1579271663,"/KinokuniyaTaiwan/photos/a.546079942072846/3135323633148451/?type=3&eid=ARBt4ghyOWv9TY2RK-X7FDM_V3ibl9cG18G1F9khRrG1ba5qZcZCWRyBVSPCxlkUa1fJDRXmgVfpwlVo&__xts__%5B0%5D=68.ARCeLpemfxHoX8IIS4DeKCW3NQTZH9bOv0NZHHKKL7ud_qBsyWvlEYRoUk2wwQiE2q_W84T-tUbrRoGFbNeqeNiUMcnf_gN-jMzpoclc_EaqYbu6MhQD9cPVPOqlWTSde2K4WiWlOK2a2essn3XIQvKeFNNFy0EWpdUEMy6DyvrjPn4gP2Wes1tujsQB5ClnOz69SDunVFkyXUdP7mc_Om5J3ZYyOagolpEsfcYjSZWt1TSoNXz9YCtchmBvwTZvAU-adMj0chG-cuATvBnYf59L7KikCUjAMyfHRHqOTVY1hxpWFCTCqxZtHt_RioHGxY06X7t4W9x3no_gcfbwNVbKkw&__tn__=EHH-R","https://scontent-frt3-2.xx.fbcdn.net/v/t1.0-0/s526x296/79167714_3135323636481784_8814623602772017152_n.jpg?_nc_cat=107&_nc_ohc=ShOulQEdVHcAX9FCDiR&_nc_ht=scontent-frt3-2.xx&_nc_tp=1002&oh=fc28c887088278bca36fe74ff916989b&oe=5E9CCD81",undefined,"",""
"https://www.facebook.com/KinokuniyaTaiwan/posts/3081144648566350","[Error]: TypeError: Cannot read property 'attribs' of undefined","",1579271663,undefined,undefined,undefined,undefined,undefined
"https://www.facebook.com/KinokuniyaTaiwan/posts/3213798381967642:0","1579076750","主管是笨蛋，部屬好為難！ 

 糟糕主管三大類，我的上司有問題嗎？
◎阿諛奉承、愛擺架子，這是「個性」有問題的討厭型主管。
◎優柔寡斷、忘東忘西，這是「業務能力」有問題的無能型主管。
◎不負責任、知道缺點卻又不改正，這是「工作態度」有問題的笨蛋型主管。

 
「部屬vs.主管」職場上最不可預期的人際關係，面對3種問題主管、25個常見的難搞表現，無論是身為部屬或是主管本人，都需要具有遠見、立即可用的改善方法。擁有30多年職場經驗的諮詢顧問告訴你，沒有搞不定的主管！

 《笨蛋主管使用手冊》
作者：古川裕倫
譯者：林美琪
出版社：智富
ISBN ：9789869657860

 ★購書方式★
1. 網路書店：https://taiwan.kinokuniya.com/bw/9789869657860

 2.門市付款取書：請直接電話或親洽門市服務人員，或來信servicetw@kinokuniya.o.jp
紀伊國屋書店台北微風店TEL:02-27212304
紀伊國屋書店台北天母店TEL:02-28320406
紀伊國屋書店台中中港店TEL:04-23293086
紀伊國屋書店高雄漢神巨蛋店TEL:07-5528292

 3.宅配貨到付款：請連絡servicetw@kinokuniya.co.jp",1579271669,"/KinokuniyaTaiwan/photos/a.647901465224026/3213798381967642/?type=3&eid=ARA45XZYckByRP8-3LhnYP21JJtow63CcYR13SURhRKiIXnfKxpwsI-2Z4YctpKPIhoyTR08DjVnONF4&__xts__%5B0%5D=68.ARBR9Awy7SNj9cC5PkjCOPiSGw67sM8wVm6ids4n-NJrtCZCb-SSCJdQkGp4crvZ0cIuPVdg90_WnrHMmVhjc-GQlhVa7zd52At5aFJIB_ohfZV9NErR6iBwfQuhdFU7XUr3NKXZl7vwDcMAPuSYtkIOZDD8c7rAZyqGWUMfDSXkiwNhr0vY3Qv2rYQUCvMsIuBdt5_QwFJbkqq-bKnJAvb-qLZbsRlOEkTVjYqzksmToVcoX0mKg3HnNusQHdiN35w9IuGieEVgr1Hn9a8PSZxHAPfJDDIyV8tGnmP-XqZgaE7Y_c3rt3FIdd8o7OYqDIli3yAR1sfiB0Cdx_QoTdy6hg&__tn__=EEHH-R","https://scontent.fdac21-1.fna.fbcdn.net/v/t1.0-0/p526x296/82439683_3213798385300975_2022397205154889728_o.jpg?_nc_cat=104&_nc_ohc=Z4Lkx1jOg80AX_Kck-g&_nc_ht=scontent.fdac21-1.fna&_nc_tp=1002&oh=288126b1ab257b23bab70c2009cbcc80&oe=5ED47764",undefined,"",""
